 100  1110 2005    3 18 25 21   500 232     6   1AY 18.4410 25.2715 20.9946               7                        GREMLIN
 100  1110 2005    3 20 28 23   457 232     6   1MY 20.0925 27.8862 22.9830               7                        GREMLIN
1010  1110 2005    3 17 21 19   552 258     6   1AY 17.0000 21.3000 18.6987               7                        GREMLIN
1010  1110 2005    3 15 21 17   617 258     6   1MY 14.7000 20.7000 16.9050               7                        GREMLIN
 100  1110 2010    4 18 23 20   525 232     6   1AY 18.0656 23.4526 20.1482               7                        PACER
 100  1110 2010    4 19 26 22   478 232     6   1MY 19.4237 25.9397 21.8991               7                        PACER
1010  1110 2010    4 16 20 18   584 258     6   1AY 16.5000 19.7000 17.8012               7                        PACER
1010  1110 2010    4 15 21 17   617 258     6   1MY 14.7000 21.0000 16.9942               7                        PACER
 100  1110 2015    7 18 23 20   525 232     6   1AY 18.0656 23.4526 20.1482               7                        PACER WAGON
 100  1110 2015    7 19 26 22   478 232     6   1MY 19.4237 25.9397 21.8991               7                        PACER WAGON
1010  1110 2015    7 16 20 18   584 258     6   1AY 16.5000 19.7000 17.8012               7                        PACER WAGON
1010  1110 2015    7 15 21 17   617 258     6   1MY 14.7000 21.0000 16.9942               7                        PACER WAGON
 100  1110 2020    4 18 23 20   525 232     6   1AY 18.0656 23.4526 20.1482               7                        CONCORD
 100  1110 2020    4 19 26 22   478 232     6   1MY 19.4237 25.9397 21.8991               7                        CONCORD
1010  1110 2020    4 16 20 18   584 258     6   1AY 16.5000 19.7000 17.8012               7                        CONCORD
1010  1110 2020    4 15 21 17   617 258     6   1MY 14.7000 21.0000 16.9942               7                        CONCORD
 100  1110 2025    7 18 23 20   525 232     6   1AY 18.0656 23.4526 20.1482               7                        CONCORD WAGON
 100  1110 2025    7 19 26 22   478 232     6   1MY 19.4237 25.9397 21.8991               7                        CONCORD WAGON
1010  1110 2025    7 16 20 18   584 258     6   1AY 16.5000 19.7000 17.8012               7                        CONCORD WAGON
 100  1111 2025    7 19 26 22   478 232     6   1MY 19.4237 25.9397 21.8991               7                        CONCORD WAGON
 100  1130 2005    3 16 21 18   584 258     6   2AY 15.5211 21.3995 17.7103               7                        GREMLIN
 100  1130 2005    3 16 25 19   552 258     6   2MY 16.5000 24.8000 19.4256               7                        GREMLIN
 100  1130 2010    4 16 21 18   584 258     6   2AY 15.5211 21.3995 17.7103               7                        PACER
 100  1130 2010    4 16 25 19   552 258     6   2MY 16.5000 24.8000 19.4256               7                        PACER
 100  1130 2015    7 16 21 18   584 258     6   2AY 15.5211 21.3995 17.7103               7                        PACER WAGON
 100  1130 2015    7 16 25 19   552 258     6   2MY 16.5000 24.8000 19.4256               7                        PACER WAGON
 100  1130 2020    4 16 21 18   584 258     6   2AY 15.5211 21.3995 17.7103               7                        CONCORD
 100  1130 2020    4 16 25 19   552 258     6   2MY 16.5000 24.8000 19.4256               7                        CONCORD
 100  1130 2025    7 16 21 18   584 258     6   2AY 15.5211 21.3995 17.7103               7                        CONCORD WAGON
 100  1131 2025    7 16 25 19   552 258     6   2MY 16.5000 24.8000 19.4256               7                        CONCORD WAGON
 110  1200 2010    4 14 19 16   656 304     8   2AY 13.6000 18.9000 15.5640               7                        PACER
 110  1200 2015    7 14 19 16   656 304     8   2AY 13.6000 18.9000 15.5640               7                        PACER WAGON
 110  1200 2020    4 14 19 16   656 304     8   2AY 13.6000 18.9000 15.5640               7                        CONCORD
 110  1200 2025    7 14 19 16   656 304     8   2AY 13.6000 18.9000 15.5640               7                        CONCORD WAGON
 110  1300 2030    5 12 17 14   750 360     8   2AY 11.8966 16.6994 13.6652               7                        MATADOR COUPE
 110  1300 2035    6 12 17 14   750 360     8   2AY 11.8966 16.6994 13.6652               7                        MATADOR SEDAN
 110  1300 2040    9 12 17 14   750 360     8   2AY 11.8966 16.6994 13.6652               7                        MATADOR WAGON
 100  1500 2005    3 20 29 24   438 121     4   2AY 20.4000 28.9000 23.5119               7                        GREMLIN
 100  1500 2005    3 22 34 26   404 121     4   2MY 21.9631 34.3961 26.2296               7                        GREMLIN
 100  1505 2020    4 20 29 24   438 121     4   2AY 20.4000 28.9000 23.5119               7                        CONCORD
 100  1505 2020    4 21 33 25   420 121     4   2MY 21.1000 33.1000 25.2134               7                        CONCORD
 100  166051005   13 19 22 20   525 232     6   1AN 18.9000 21.9000 20.1416               7                        POST OFFICE VEHICLE
 100  166085005   13 16 21 18   584 232     6   1MN 16.2000 20.8000 17.9904               7                        JEEP (CJ-5/CJ-7)
 100  166085005   13 16 20 17   617 258     6   1AN 15.5000 19.7000 17.1449               7                        JEEP (CJ-5/CJ-7)
 100  166085005   13 16 20 18   584 258     6   1MN 15.9241 19.9517 17.5152               7                        JEEP (CJ-5/CJ-7)
 110  188085005   13 13 17 14   750 304     8   2AY 12.8224 17.0244 14.4246               7                        JEEP (CJ-5/CJ-7)
 110  188085005   13 15 19 16   656 304     8   2MY 14.6000 19.3000 16.3969               7                        JEEP (CJ-5/CJ-7)
 100  200116030    4 10 17 13   807 360     8   4AY 10.3841 17.1292 12.6205               6                        ASPEN
 100  200116050    5 10 17 13   807 360     8   4AY 10.3836 16.7808 12.5338               6                        MONACO
 100  200132020    4 10 17 13   807 360     8   4AY 10.3841 17.1292 12.6205               6                        VOLARE
 100  200132030    5 10 17 13   807 360     8   4AY 10.3836 16.7808 12.5338               6                        FURY
 100  200216030    4 20 27 23   457 225     6   1AY 19.9362 27.1347 22.6388               7                        ASPEN
 100  200216030    4 20 28 23   457 225     6   1MY 19.5675 28.1372 22.6752               7                        ASPEN
 100  200216050    5 17 24 20   525 225     6   1AY 17.4000 23.9000 19.8265               7                        MONACO
 100  200232020    4 20 27 23   457 225     6   1AY 19.9362 27.1347 22.6388               7                        VOLARE
 100  200232020    4 20 28 23   457 225     6   1MY 19.5675 28.1372 22.6752               7                        VOLARE
 100  200232030    5 17 24 20   525 225     6   1AY 17.4000 23.9000 19.8265               7                        FURY
 100  200313005    5 14 22 17   617 360     8   2AY 14.4216 21.8642 17.0304               7                        LEBARON
 100  200313010    8 14 22 17   617 360     8   2AY 14.3919 21.7922 16.9879               7                        LEBARON WAGON
 100  200313015    5 14 22 17   617 360     8   2AY 14.3919 21.7922 16.9879               7                        CORDOBA
 100  200313020    6 13 20 15   700 360     8   2AY 12.7965 19.6980 15.1917               7                        CHRYSLER
 100  200316030    4 15 22 17   617 360     8   2AY 14.6000 22.3000 17.2859               7                        ASPEN
 100  200316035    8 14 22 17   617 360     8   2AY 14.3919 21.7922 16.9879               7                        ASPEN WAGON
 100  200316040    5 14 22 17   617 360     8   2AY 14.4182 21.8559 17.0255               7                        DIPLOMAT
 100  200316045    8 14 22 17   617 360     8   2AY 14.3919 21.7922 16.9879               7                        DIPLOMAT WAGON
 100  200316050    5 14 22 17   617 360     8   2AY 14.3919 21.7922 16.9879               7                        MONACO
 100  200316055    8 13 20 15   700 360     8   2AY 12.7965 19.6980 15.1917               7                        MONACO WAGON
 100  200316060    5 14 22 17   617 360     8   2AY 14.3919 21.7922 16.9879               7                        CHARGER SE/MAGNUM XE
 100  200332020    4 15 22 17   617 360     8   2AY 14.6000 22.3000 17.2859               7                        VOLARE
 100  200332025    8 14 22 17   617 360     8   2AY 14.3919 21.7922 16.9879               7                        VOLARE WAGON
 100  200332030    5 14 22 17   617 360     8   2AY 14.3919 21.7922 16.9879               7                        FURY
 100  200332035    8 13 20 15   700 360     8   2AY 12.7965 19.6980 15.1917               7                        FURY WAGON
 100  200413020    6 10 16 12   875 440     8   4AY  9.7198 16.2948 11.8762               7                        CHRYSLER
 110  200513005    5 15 22 18   584 318     8   2AY 15.3914 21.6927 17.7059               7                        LEBARON
 100  200513005    5 15 25 18   584 318     8   2MY 14.6973 25.2063 18.0915               7                        LEBARON
 110  200513010    8 14 21 16   656 318     8   2AY 13.8956 20.7222 16.3141               7                        LEBARON WAGON
 100  200513015    5 14 21 16   656 318     8   2AY 13.8956 20.7222 16.3141               7                        CORDOBA
 110  200516030    4 15 22 18   584 318     8   2AY 15.3914 21.6927 17.7059               7                        ASPEN
 100  200516030    4 15 25 18   584 318     8   2MY 14.6973 25.2063 18.0915               7                        ASPEN
 110  200516035    8 15 22 18   584 318     8   2AY 15.3914 21.6927 17.7059               7                        ASPEN WAGON
 100  200516035    8 15 25 18   584 318     8   2MY 14.6973 25.2063 18.0915               7                        ASPEN WAGON
 110  200516040    5 15 22 18   584 318     8   2AY 15.3914 21.6927 17.7059               7                        DIPLOMAT
 100  200516040    5 15 25 18   584 318     8   2MY 14.6973 25.2063 18.0915               7                        DIPLOMAT
 110  200516045    8 14 21 16   656 318     8   2AY 13.8956 20.7222 16.3141               7                        DIPLOMAT WAGON
 110  200516050    5 14 21 16   656 318     8   2AY 13.8956 20.7222 16.3141               7                        MONACO
 100  200516060    5 14 21 16   656 318     8   2AY 13.8956 20.7222 16.3141               7                        CHARGER SE/MAGNUM XE
 110  200532020    4 15 22 18   584 318     8   2AY 15.3914 21.6927 17.7059               7                        VOLARE
 100  200532020    4 15 25 18   584 318     8   2MY 14.6973 25.2063 18.0915               7                        VOLARE
 110  200532025    8 15 22 18   584 318     8   2AY 15.3914 21.6927 17.7059               7                        VOLARE WAGON
 100  200532025    8 15 25 18   584 318     8   2MY 14.6973 25.2063 18.0915               7                        VOLARE WAGON
 110  200532030    5 14 21 16   656 318     8   2AY 13.8956 20.7222 16.3141               7                        FURY
 100  200713005    5 17 22 19   552 225     6   2AY 16.5952 21.5603 18.5138               7                        LEBARON
 100  200713005    5 17 25 20   525 225     6   2MY 16.9000 24.8964 19.7553               7                        LEBARON
 100  200713010    8 17 22 19   552 225     6   2AY 16.5952 21.5603 18.5138               7                        LEBARON WAGON
 100  200713010    8 17 25 20   525 225     6   2MY 16.9000 24.8964 19.7553               7                        LEBARON WAGON
 100  200716030    4 18 25 21   500 225     6   2AY 17.9950 25.3721 20.7039               7                        ASPEN
 100  200716030    4 18 28 21   500 225     6   2MY 17.8000 27.9000 21.2640               7                        ASPEN
 100  200716035    8 17 22 19   552 225     6   2AY 16.5952 21.5603 18.5138               7                        ASPEN WAGON
 100  200716035    8 17 25 20   525 225     6   2MY 16.9000 24.8964 19.7553               7                        ASPEN WAGON
 100  200716040    5 17 22 19   552 225     6   2AY 16.5952 21.5603 18.5138               7                        DIPLOMAT
 100  200716040    5 17 25 20   525 225     6   2MY 16.9000 24.8964 19.7553               7                        DIPLOMAT
 100  200716045    8 17 22 19   552 225     6   2AY 16.5952 21.5603 18.5138               7                        DIPLOMAT WAGON
 100  200716045    8 17 25 20   525 225     6   2MY 16.9000 24.8964 19.7553               7                        DIPLOMAT WAGON
 100  200732020    4 18 25 21   500 225     6   2AY 17.9950 25.3721 20.7039               7                        VOLARE
 100  200732020    4 18 28 21   500 225     6   2MY 17.8000 27.9000 21.2640               7                        VOLARE
 100  200732025    8 17 22 19   552 225     6   2AY 16.5952 21.5603 18.5138               7                        VOLARE WAGON
 100  200732025    8 17 25 20   525 225     6   2MY 16.9000 24.8964 19.7553               7                        VOLARE WAGON
 100  200816050    5 10 14 11   954 440     8   4AY  9.5185 14.4788 11.2534               7                        MONACO
 100  200832030    5 10 14 11   954 440     8   4AY  9.5185 14.4788 11.2534               7                        FURY
 100  201013015    5 13 20 15   700 400     8   4AY 12.6182 20.2281 15.1897               7                        CORDOBA
 100  201013020    6 11 18 14   750 400     8   4AY 11.4980 18.3902 13.8305               7                        CHRYSLER
 100  201016050    5 13 20 15   700 400     8   4AY 12.6182 20.2281 15.1897               7                        MONACO
 100  201016055    8 11 18 14   750 400     8   4AY 11.4980 18.3902 13.8305               7                        MONACO WAGON
 100  201016060    5 13 20 15   700 400     8   4AY 12.6182 20.2281 15.1897               7                        CHARGER SE/MAGNUM XE
 100  201032030    5 13 20 15   700 400     8   4AY 12.6182 20.2281 15.1897               7                        FURY
 100  201032035    8 11 18 14   750 400     8   4AY 11.4980 18.3902 13.8305               7                        FURY WAGON
 100  201265005   12 12 19 14   750 360     8   2AY 11.5446 18.8915 13.9935               7                        DODGE VAN
 100  201265010   11 12 19 14   750 360     8   2AY 11.6929 19.0043 14.1410               7                        DODGE PICKUP
 100  201291005   12 12 19 14   750 360     8   2AY 11.5446 18.8915 13.9935               7                        PLYMOUTH VAN
 100  201365005   12 15 19 16   656 318     8   2AY 14.9234 18.5578 16.3656               7                        DODGE VAN
 100  201365005   12 16 25 19   552 318     8   2MY 15.8406 24.6691 18.8813               7                        DODGE VAN
 100  201365010   11 15 18 16   656 318     8   2AY 14.7926 18.4890 16.2550               7                        DODGE PICKUP
 100  201365010   11 16 24 19   552 318     8   2MY 15.6612 23.9730 18.5564               7                        DODGE PICKUP
 100  201391005   12 14 18 16   656 318     8   2AY 14.3993 18.2778 15.9194               7                        PLYMOUTH VAN
 100  201391005   12 15 22 18   584 318     8   2MY 15.1035 21.9530 17.5705               7                        PLYMOUTH VAN
 100  201465005   12 17 22 19   552 225     6   2AY 16.8499 21.5995 18.7003               7                        DODGE VAN
 100  201465005   12 17 23 19   552 225     6   2MY 16.8873 22.7848 19.1135               7                        DODGE VAN
 100  201465010   11 17 22 19   552 225     6   2AY 16.8499 21.5995 18.7003               7                        DODGE PICKUP
 100  201465010   11 17 23 19   552 225     6   2MY 16.8873 22.7848 19.1135               7                        DODGE PICKUP
 100  201491005   12 17 22 19   552 225     6   2AY 16.8499 21.5995 18.7003               7                        PLYMOUTH VAN
 100  201491005   12 17 23 19   552 225     6   2MY 16.8873 22.7848 19.1135               7                        PLYMOUTH VAN
 100  201616050    5 17 22 19   552 225     6   2AY 16.5775 21.5812 18.5086               7                        MONACO
 100  201632030    5 17 22 19   552 225     6   2AY 16.5775 21.5812 18.5086               7                        FURY
 100  201716005    4 25 38 29   362 105     4   2MY 24.7527 38.2726 29.4312               7                        OMNI
 100  201732005    4 25 38 29   362 105     4   2MY 24.7527 38.2726 29.4312               7                        HORIZON
 100  202116035    8 18 25 20   525 225     6   1MY 17.5000 25.0000 20.2312               7                        ASPEN WAGON
 100  202116050    5 18 25 20   525 225     6   1MY 17.5000 25.0000 20.2312               7                        MONACO
 100  202132025    8 18 25 20   525 225     6   1MY 17.5000 25.0000 20.2312               7                        VOLARE WAGON
 100  202132030    5 18 25 20   525 225     6   1MY 17.5000 25.0000 20.2312               7                        FURY
 100  284116005    4 23 31 26   404 105     4   2AY 23.4990 30.5005 26.2061               7                        OMNI
 100  284132005    4 23 31 26   404 105     4   2AY 23.4990 30.5005 26.2061               7                        HORIZON
 110  300270010   11 17 26 20   525 302     8   2MY 16.9721 25.9146 20.0921( 5.0L)        7                        PICKUP
 110  300370010   11 14 22 16   656 351     8   2AY 13.6000 22.2000 16.4714( 5.8L)        7                        PICKUP                          (M ENG)
 100  300370010   11 14 20 16   656 351     8   2MY 13.7000 19.6000 15.8466( 5.8L)        7                        PICKUP                          (M ENG)
 110  300470015   12 13 19 16   656 351     8   2AY 13.4744 19.3708 15.6131( 5.8L)        7                        VAN (ECONOLINE/CLUB WAGON)      (W ENG)
 100  300470015   12 14 22 17   617 351     8   2MY 14.4630 21.6227 16.9954( 5.8L)        7                        VAN (ECONOLINE/CLUB WAGON)      (W ENG)
 100  302170010   11 17 23 20   525 300     6   1AY 17.1961 23.4549 19.5428( 4.9L)        7                        PICKUP
 100  302170010   11 19 28 22   478 300     6   1MY 19.2817 27.8275 22.3736( 4.9L)        7                        PICKUP
 100  302170015   12 16 22 18   584 300     6   1AY 16.0858 21.6332 18.1841( 4.9L)        7                        VAN (ECONOLINE/CLUB WAGON)
 100  302170015   12 18 25 20   525 300     6   1MY 17.5665 25.2667 20.3585( 4.9L)        7                        VAN (ECONOLINE/CLUB WAGON)
 110  302270010   11 16 23 19   552 302     8   2AY 16.3312 22.9891 18.7785( 5.0L)        7                        PICKUP
 110  303119010    7 23 33 26   404 140     4   2MY 22.6641 33.2268 26.4475( 2.3L)        7                        PINTO WAGON
 110  303119015    2 23 33 26   404 140     4   2MY 22.6641 33.2268 26.4475( 2.3L)        7                        MUSTANG II
 100  303119019    5 23 33 26   404 140     4   2MY 22.6641 33.2268 26.4475( 2.3L)        7                        FAIRMONT
 110  303124007    7 23 33 26   404 140     4   2MY 22.6641 33.2268 26.4475( 2.3L)        7                        BOBCAT WAGON
 100  303124016    5 23 33 26   404 140     4   2MY 22.6641 33.2268 26.4475( 2.3L)        7                        ZEPHYR
 110  303219005    2 21 29 24   438 140     4   2AY 21.4990 29.4479 24.4715( 2.3L)        7                        PINTO
 110  303219010    7 22 31 25   420 140     4   2AY 21.6600 30.5179 24.9141( 2.3L)        7                        PINTO WAGON
 110  303219015    2 22 31 25   420 140     4   2AY 21.6600 30.5179 24.9141( 2.3L)        7                        MUSTANG II
 100  303219021    8 23 33 26   404 140     4   2MY 22.6380 33.2486 26.4342( 2.3L)        7                        FAIRMONT WAGON
 110  303224005    2 21 29 24   438 140     4   2AY 21.4990 29.4479 24.4715( 2.3L)        7                        BOBCAT
 110  303224007    7 22 31 25   420 140     4   2AY 21.6600 30.5179 24.9141( 2.3L)        7                        BOBCAT WAGON
 100  303224017    8 23 33 26   404 140     4   2MY 22.6380 33.2486 26.4342( 2.3L)        7                        ZEPHYR WAGON
 100  303470011   13 20 28 23   457 140     4   2AY 20.2272 28.4070 23.2384( 2.3L)        7                        PINTO WAGON (PANEL)
 100  303470011   13 25 35 29   362 140     4   2MY 25.3424 35.2340 29.0070( 2.3L)        7                        PINTO WAGON (PANEL)
 100  303919050    9 11 17 13   807 460     8   4AY 11.4222 17.3069 13.4856( 7.5L)        7                        FORD WAGON
 100  303924045    9 11 17 13   807 460     8   4AY 11.4222 17.3069 13.4856( 7.5L)        7                        MERCURY WAGON
 100  303924050    6 11 17 13   807 460     8   4AY 11.4222 17.3069 13.4856( 7.5L)        7                        LINCOLN CONTINENTAL
 100  304270011   13 18 22 20   525 171     6   2AY 17.9000 22.0000 19.5386( 2.8L)        7                        PINTO WAGON (PANEL)
 110  305119005    2 25 35 29   362 140     4   2MY 25.4000 35.4341 29.1094( 2.3L)        7                        PINTO
 100  305119019    5 22 33 26   404 140     4   2AY 21.8000 33.2000 25.7841( 2.3L)        7                        FAIRMONT
 100  305124005    2 25 35 29   362 140     4   2MY 25.4000 35.4341 29.1094( 2.3L)        7                        BOBCAT
 100  305124016    5 22 33 26   404 140     4   2AY 21.8000 33.2000 25.7841( 2.3L)        7                        ZEPHYR
 100  305219005    2 18 22 20   525 171     6   2AY 17.9000 22.0000 19.5386( 2.8L)        7                        PINTO
 100  305219010    7 18 22 20   525 171     6   2AY 17.9000 22.0000 19.5386( 2.8L)        7                        PINTO WAGON
 100  305219015    2 16 20 18   584 171     6   2AY 16.0000 20.4000 17.7199( 2.8L)        7                        MUSTANG II
 100  305219015    2 20 26 22   478 171     6   2MY 19.5000 26.0996 22.0038( 2.8L)        7                        MUSTANG II
 100  305224005    2 18 22 20   525 171     6   2AY 17.9000 22.0000 19.5386( 2.8L)        7                        BOBCAT
 100  305224007    7 18 22 20   525 171     6   2AY 17.9000 22.0000 19.5386( 2.8L)        7                        BOBCAT WAGON
 110  305319019    5 19 26 22   478 200     6   1AY 19.2000 26.0000 21.7611( 3.3L)        7                        FAIRMONT
 100  305319019    5 21 29 24   438 200     6   1MY 20.6000 28.8000 23.6272( 3.3L)        7                        FAIRMONT
 100  305319021    8 18 24 20   525 200     6   1AY 18.0000 23.5000 20.1189( 3.3L)        7                        FAIRMONT WAGON
 100  305319021    8 19 29 23   457 200     6   1MY 19.2000 29.1000 22.6707( 3.3L)        7                        FAIRMONT WAGON
 110  305324016    5 19 26 22   478 200     6   1AY 19.2000 26.0000 21.7611( 3.3L)        7                        ZEPHYR
 100  305324016    5 21 29 24   438 200     6   1MY 20.6000 28.8000 23.6272( 3.3L)        7                        ZEPHYR
 100  305324017    8 18 24 20   525 200     6   1AY 18.0000 23.5000 20.1189( 3.3L)        7                        ZEPHYR WAGON
 100  305324017    8 19 29 23   457 200     6   1MY 19.2000 29.1000 22.6707( 3.3L)        7                        ZEPHYR WAGON
 100  305419025    4 18 26 21   500 250     6   1AY 18.5000 26.2000 21.3196( 4.1L)        7                        GRANADA
 100  305419025    4 21 28 24   438 250     6   1MY 20.8000 28.5000 23.6788( 4.1L)        7                        GRANADA
 100  305424020    4 18 26 21   500 250     6   1AY 18.5000 26.2000 21.3196( 4.1L)        7                        MONARCH
 100  305424020    4 21 28 24   438 250     6   1MY 20.8000 28.5000 23.6788( 4.1L)        7                        MONARCH
 110  305519015    2 16 23 19   552 302     8   2AY 16.1260 22.8877 18.5985( 5.0L)        7                        MUSTANG II
 100  305519015    2 16 23 19   552 302     8   2MY 15.8128 23.3506 18.5002( 5.0L)        7                        MUSTANG II
 110  305519019    5 16 23 19   552 302     8   2AY 16.1260 22.8877 18.5985( 5.0L)        7                        FAIRMONT
 100  305519021    8 16 23 19   552 302     8   2AY 16.1260 22.8877 18.5985( 5.0L)        7                        FAIRMONT WAGON
 110  305519025    4 16 23 19   552 302     8   2AY 16.0145 22.8327 18.5005( 5.0L)        7                        GRANADA
 100  305519025    4 16 25 19   552 302     8   2MY 16.0332 24.9377 19.1027( 5.0L)        7                        GRANADA
 100  305524016    5 16 23 19   552 302     8   2AY 16.1260 22.8877 18.5985( 5.0L)        7                        ZEPHYR
 100  305524017    8 16 23 19   552 302     8   2AY 16.1260 22.8877 18.5985( 5.0L)        7                        ZEPHYR WAGON
 110  305524020    4 16 23 19   552 302     8   2AY 16.0147 22.8329 18.5007( 5.0L)        7                        MONARCH
 100  305524020    4 16 25 19   552 302     8   2MY 16.0365 24.9624 19.1117( 5.0L)        7                        MONARCH
 100  305524022    4 16 23 18   584 302     8   2AY 15.9409 22.7962 18.4357( 5.0L)        7                        VERSAILLES
 100  305619030    5 14 20 16   656 351     8   2AY 13.9414 20.4639 16.2759( 5.8L)        7                        LTD II                          (M ENG)
 100  305619045    6 13 21 16   656 351     8   2AY 13.4000 20.6000 15.9009( 5.8L)        7                        FORD                            (M ENG)
 100  305619050    9 13 21 16   656 351     8   2AY 13.4000 20.6000 15.9009( 5.8L)        7                        FORD WAGON                      (M ENG)
 110  305619055    5 14 20 16   656 351     8   2AY 13.9414 20.4639 16.2759( 5.8L)        7                        THUNDERBIRD                     (M ENG)
 110  305624025    5 14 20 16   656 351     8   2AY 13.9414 20.4639 16.2759( 5.8L)        7                        COUGAR/COUGAR XR-7              (M ENG)
 100  305624040    6 13 21 16   656 351     8   2AY 13.4000 20.6000 15.9009( 5.8L)        7                        MERCURY                         (M ENG)
 100  305624045    9 13 21 16   656 351     8   2AY 13.4000 20.6000 15.9009( 5.8L)        7                        MERCURY WAGON                   (M ENG)
 110  305670025   11 14 20 16   656 351     8   2AY 13.9414 20.4639 16.2759( 5.8L)        7                        RANCHERO                        (M ENG)
 100  305719030    5 15 22 18   584 351     8   2AY 14.8388 22.4222 17.5026( 5.8L)        7                        LTD II                          (W ENG)
 100  305719045    6 15 22 18   584 351     8   2AY 14.8388 22.4222 17.5026( 5.8L)        7                        FORD                            (W ENG)
 100  305719055    5 15 22 18   584 351     8   2AY 14.8388 22.4222 17.5026( 5.8L)        7                        THUNDERBIRD                     (W ENG)
 100  305724025    5 15 22 18   584 351     8   2AY 14.8388 22.4222 17.5026( 5.8L)        7                        COUGAR/COUGAR XR-7              (W ENG)
 100  305770025   11 15 22 18   584 351     8   2AY 14.8388 22.4222 17.5026( 5.8L)        7                        RANCHERO                        (W ENG)
2110  305819030    5 13 18 15   700 400     8   2AY 13.0527 17.9305 14.8734( 6.6L)        7                        LTD II
2110  305819045    6 13 19 15   700 400     8   2AY 12.9991 19.3483 15.2512( 6.6L)        7                        FORD
2100  305819050    9 13 19 15   700 400     8   2AY 12.9991 19.3483 15.2512( 6.6L)        7                        FORD WAGON
2110  305819055    5 13 19 15   700 400     8   2AY 13.0074 19.1148 15.1916( 6.6L)        7                        THUNDERBIRD
2110  305824025    5 13 19 15   700 400     8   2AY 13.0111 19.0101 15.1645( 6.6L)        7                        COUGAR/COUGAR XR-7
2110  305824040    6 13 19 15   700 400     8   2AY 12.9991 19.3483 15.2512( 6.6L)        7                        MERCURY
2110  305824045    9 13 19 15   700 400     8   2AY 12.9991 19.3483 15.2512( 6.6L)        7                        MERCURY WAGON
2110  305824050    6 13 19 15   700 400     8   2AY 12.9991 19.3483 15.2512( 6.6L)        7                        LINCOLN CONTINENTAL
2110  305824055    5 13 19 15   700 400     8   2AY 12.9991 19.3483 15.2512( 6.6L)        7                        CONTINENTAL MARK V
2110  305870025   11 13 17 15   700 400     8   2AY 13.1000 16.8499 14.5579( 6.6L)        7                        RANCHERO
 110  305919030    5 13 17 15   700 400     8   2AY 13.1000 16.8499 14.5579( 6.6L)        7                        LTD II
 110  305919045    6 13 20 15   700 400     8   2AY 13.0469 19.5016 15.3302( 6.6L)        7                        FORD
 100  305919050    9 13 20 15   700 400     8   2AY 13.0469 19.5016 15.3302( 6.6L)        7                        FORD WAGON
 110  305919055    5 13 17 15   700 400     8   2AY 13.1000 16.8499 14.5579( 6.6L)        7                        THUNDERBIRD
 110  305924025    5 13 17 15   700 400     8   2AY 13.1000 16.8499 14.5579( 6.6L)        7                        COUGAR/COUGAR XR-7
 110  305924040    6 13 20 15   700 400     8   2AY 13.0469 19.5016 15.3302( 6.6L)        7                        MERCURY
 110  305924045    9 13 20 15   700 400     8   2AY 13.0469 19.5016 15.3302( 6.6L)        7                        MERCURY WAGON
 110  305924050    6 13 20 15   700 400     8   2AY 13.0469 19.5016 15.3302( 6.6L)        7                        LINCOLN CONTINENTAL
 110  305924055    5 13 20 15   700 400     8   2AY 13.0469 19.5016 15.3302( 6.6L)        7                        CONTINENTAL MARK V
 110  305970025   11 13 17 15   700 400     8   2AY 13.1000 16.8499 14.5579( 6.6L)        7                        RANCHERO
 100  306919045    6 12 17 14   750 460     8   4AY 11.6259 17.1395 13.5937( 7.5L)        7                        FORD
 100  306924040    6 12 17 14   750 460     8   4AY 11.6259 17.1395 13.5937( 7.5L)        7                        MERCURY
 100  306924055    5 12 17 14   750 460     8   4AY 11.6259 17.1395 13.5937( 7.5L)        7                        CONTINENTAL MARK V
 100  307519003    3 33 46 38   276  98     4   2MY 33.2000 45.9000 37.9216( 1.6L)        7                        FIESTA
 100  308519030    5 15 22 17   617 302     8   2AY 14.5020 22.0671 17.1473( 5.0L)        7                        LTD II
 100  308519045    6 15 22 17   617 302     8   2AY 14.5020 22.0671 17.1473( 5.0L)        7                        FORD
 100  308519055    5 15 22 17   617 302     8   2AY 14.5020 22.0671 17.1473( 5.0L)        7                        THUNDERBIRD
 100  308524025    5 15 22 17   617 302     8   2AY 14.5020 22.0671 17.1473( 5.0L)        7                        COUGAR/COUGAR XR-7
 100  308570025   11 15 22 17   617 302     8   2AY 14.5020 22.0671 17.1473( 5.0L)        7                        RANCHERO
 100  309570010   11 13 19 15   700 400     8   2AY 12.8631 18.5129 14.9108( 6.6L)        7                        PICKUP
 100  410012005    3 25 33 28   375  98     4   1AY 25.3516 32.7105 28.2072( 1.6L)        7                        CHEVETTE
 100  410012005    3 30 40 34   309  98     4   1MY 30.0179 39.9459 33.7978( 1.6L)        7                        CHEVETTE
 100  411012030    5 19 25 21   500 200     6   2AY 18.7812 25.2976 21.2436( 3.3L)        7                        MALIBU
 100  411012030    5 21 29 24   438 200     6   2MY 21.1749 29.2470 24.1777( 3.3L)        7                        MALIBU
 100  411012035    8 19 25 21   500 200     6   2AY 18.7812 25.2976 21.2436( 3.3L)        7                        MALIBU WAGON
 100  411012035    8 21 29 24   438 200     6   2MY 21.1749 29.2470 24.1777( 3.3L)        7                        MALIBU WAGON
 100  411055025   11 19 25 21   500 200     6   2AY 18.7812 25.2976 21.2436( 3.3L)        7                        EL CAMINO
 100  411055025   11 21 29 24   438 200     6   2MY 21.1749 29.2470 24.1777( 3.3L)        7                        EL CAMINO
 100  411080015   11 19 25 21   500 200     6   2AY 18.7812 25.2976 21.2436( 3.3L)        7                        CABALLERO
 100  411080015   11 21 29 24   438 200     6   2MY 21.1749 29.2470 24.1777( 3.3L)        7                        CABALLERO
 100  411212050    5 19 25 21   500 200     6   2AY 18.5024 24.8168 20.8948( 3.3L)        7                        MONTE CARLO
 100  411212050    5 21 29 24   438 200     6   2MY 20.9570 28.9800 23.9394( 3.3L)        7                        MONTE CARLO
 100  411412020    4 18 24 20   525 250     6   1AY 17.5972 24.4675 20.1423               7                        NOVA
 100  411412020    4 19 26 21   500 250     6   1MY 18.8306 25.9044 21.4688               7                        NOVA
 100  411412025    3 17 24 19   552 250     6   1AY 16.6151 23.7318 19.2071               7                        CAMARO
 100  411412025    3 18 27 21   500 250     6   1MY 18.1432 27.0344 21.2948               7                        CAMARO
 100  411412040    6 17 24 19   552 250     6   1AY 16.6151 23.7318 19.2071               7                        CHEVROLET
 100  412255015   11 16 22 18   584 250     6   1AY 15.6444 22.0261 17.9899               7                        CHEV. PICKUP
 100  412255015   11 17 24 19   552 250     6   1MY 16.8929 23.8719 19.4520               7                        CHEV. PICKUP
 100  412255020   12 16 22 19   552 250     6   1AY 16.3033 22.4934 18.6076               7                        CHEV. VAN
 100  412255020   12 17 24 20   525 250     6   1MY 16.9328 23.9558 19.5062               7                        CHEV. VAN
 100  412280005   11 16 22 18   584 250     6   1AY 15.6440 22.0258 17.9896               7                        GMC PICKUP
 100  412280005   11 17 24 19   552 250     6   1MY 16.8929 23.8719 19.4520               7                        GMC PICKUP
 100  412280010   12 16 22 19   552 250     6   1AY 16.3027 22.4930 18.6071               7                        GMC VAN
 100  412280010   12 17 24 20   525 250     6   1MY 16.9330 23.9562 19.5064               7                        GMC VAN
 100  412455015   11 13 17 15   700 350     8   4AY 13.0675 17.1214 14.6258               7                        CHEV. PICKUP                    (GM-CHEV)
 100  412455015   11 14 18 15   700 350     8   4MY 13.8000 18.1000 15.4519               7                        CHEV. PICKUP                    (GM-CHEV)
 100  412455020   12 13 17 15   700 350     8   4AY 13.0555 17.1339 14.6216               7                        CHEV. VAN                       (GM-CHEV)
 100  412455020   12 14 18 15   700 350     8   4MY 13.7585 18.0155 15.3956               7                        CHEV. VAN                       (GM-CHEV)
 100  412480005   11 13 17 15   700 350     8   4AY 13.0675 17.1214 14.6258               7                        GMC PICKUP                      (GM-CHEV)
 100  412480005   11 14 18 15   700 350     8   4MY 13.8000 18.1000 15.4519               7                        GMC PICKUP                      (GM-CHEV)
 100  412480010   12 13 17 15   700 350     8   4AY 13.0555 17.1339 14.6216               7                        GMC VAN                         (GM-CHEV)
 100  412480010   12 14 18 15   700 350     8   4MY 13.7592 18.0170 15.3966               7                        GMC VAN                         (GM-CHEV)
 100  412655015   11 12 16 13   807 454     8   4AY 11.8787 15.9553 13.4219               7                        CHEV. PICKUP
 100  412680005   11 12 16 13   807 454     8   4AY 11.8785 15.9560 13.4220               7                        GMC PICKUP
 100  412855015   11 15 19 16   656 305     8   2AY 14.7446 19.2336 16.4749               7                        CHEV. PICKUP
 100  412855015   11 15 21 17   617 305     8   2MY 15.1648 20.6004 17.2079               7                        CHEV. PICKUP
 100  412855020   12 15 19 16   656 305     8   2AY 14.7446 19.2336 16.4749               7                        CHEV. VAN
 100  412855020   12 15 21 17   617 305     8   2MY 15.2678 20.7992 17.3433               7                        CHEV. VAN
 100  412880005   11 15 19 16   656 305     8   2AY 14.7446 19.2336 16.4749               7                        GMC PICKUP
 100  412880005   11 15 21 17   617 305     8   2MY 15.1648 20.6004 17.2079               7                        GMC PICKUP
 100  412880010   12 15 19 16   656 305     8   2AY 14.7446 19.2336 16.4749               7                        GMC VAN
 100  412880010   12 15 21 17   617 305     8   2MY 15.2680 20.7997 17.3436               7                        GMC VAN
 100  413012020    4 15 21 17   617 350     8   4AY 14.6347 20.7976 16.8864               7                        NOVA                            (GM-CHEV)
 100  413012025    3 15 21 17   617 350     8   4AY 14.6347 20.7976 16.8864               7                        CAMARO                          (GM-CHEV)
 100  413012025    3 14 19 16   656 350     8   4MY 13.7570 18.6585 15.6013               7                        CAMARO                          (GM-CHEV)
 100  413012040    6 15 21 17   617 350     8   4AY 14.6347 20.7976 16.8864               7                        CHEVROLET                       (GM-CHEV)
 100  413012045    9 14 19 16   656 350     8   4AY 13.7000 19.3000 15.7574               7                        CHEVROLET WAGON                 (GM-CHEV)
 100  413012055    1 15 21 17   617 350     8   4AY 14.6347 20.7976 16.8864               7                        CORVETTE                        (GM-CHEV)
 100  413012055    1 14 19 16   656 350     8   4MY 13.7570 18.6585 15.6013               7                        CORVETTE                        (GM-CHEV)
 100  413033020    3 15 21 17   617 350     8   4AY 14.6347 20.7976 16.8864               7                        FIREBIRD                        (GM-CHEV)
 100  413033020    3 14 19 16   656 350     8   4MY 13.7570 18.6585 15.6013               7                        FIREBIRD                        (GM-CHEV)
 100  413055025   11 15 21 17   617 350     8   4AY 14.6347 20.7976 16.8864               7                        EL CAMINO                       (GM-CHEV)
 100  413055025   11 14 19 16   656 350     8   4MY 13.7570 18.6585 15.6013               7                        EL CAMINO                       (GM-CHEV)
 100  413080015   11 15 21 17   617 350     8   4AY 14.6347 20.7976 16.8864               7                        CABALLERO                       (GM-CHEV)
 100  413080015   11 14 19 16   656 350     8   4MY 13.7570 18.6585 15.6013               7                        CABALLERO                       (GM-CHEV)
 100  4136 8020    5 18 26 21   500 305     8   4AY 17.8000 25.7000 20.6575               7                        CENTURY
 100  4136 8022    5 18 26 21   500 305     8   4AY 17.8000 25.7000 20.6575               7                        REGAL
 100  4136 8025    8 16 23 18   584 305     8   4AY 15.7795 22.7422 18.3008               7                        CENTURY WAGON
 100  413629015    5 18 26 21   500 305     8   4AY 17.8000 25.7000 20.6575               7                        CUTLASS
 100  413629018    5 18 26 21   500 305     8   4AY 17.8000 25.7000 20.6575               7                        CUTLASS SUPREME
 100  413629020    8 16 23 18   584 305     8   4AY 15.7795 22.7422 18.3008               7                        CUTLASS CRUISER WAGON
2100  413633025    5 18 26 21   500 305     8   4AY 17.8000 25.7000 20.6575               7                        LEMANS
2100  413633030    8 16 23 18   584 305     8   4AY 15.7795 22.7422 18.3008               7                        LEMANS SAFARI WAGON
 100  4140 8005    4 16 22 19   552 305     8   2AY 16.2291 22.4158 18.5306               7                        SKYLARK
 100  4140 8020    5 17 25 20   525 305     8   2AY 17.2000 24.7000 19.9222               7                        CENTURY
 100  4140 8022    5 17 25 20   525 305     8   2AY 17.2000 24.7000 19.9222               7                        REGAL
 100  4140 8025    8 16 22 19   552 305     8   2AY 16.2291 22.4158 18.5306               7                        CENTURY WAGON
 100  414012010    3 17 25 20   525 305     8   2AY 17.2000 24.7000 19.9222               7                        MONZA
 100  414012010    3 16 22 18   584 305     8   2MY 15.5202 22.1287 17.9297               7                        MONZA
 100  414012020    4 16 22 19   552 305     8   2AY 16.2291 22.4158 18.5306               7                        NOVA
 100  414012020    4 15 21 17   617 305     8   2MY 14.6000 21.0000 16.9205               7                        NOVA
 100  414012025    3 16 22 19   552 305     8   2AY 16.2291 22.4158 18.5306               7                        CAMARO
 100  414012025    3 15 21 17   617 305     8   2MY 14.6000 21.0000 16.9205               7                        CAMARO
 100  414012030    5 17 25 20   525 305     8   2AY 17.2000 24.7000 19.9222               7                        MALIBU
 100  414012030    5 16 22 18   584 305     8   2MY 15.5202 22.1287 17.9297               7                        MALIBU
 100  414012035    8 16 22 19   552 305     8   2AY 16.2291 22.4158 18.5306               7                        MALIBU WAGON
 100  414012035    8 15 21 17   617 305     8   2MY 14.6000 21.0000 16.9205               7                        MALIBU WAGON
 100  414012040    6 16 22 19   552 305     8   2AY 16.2291 22.4158 18.5306               7                        CHEVROLET
 100  414012045    9 14 20 16   656 305     8   2AY 14.3000 19.7000 16.3121               7                        CHEVROLET WAGON
 100  414012050    5 17 25 20   525 305     8   2AY 17.2000 24.7000 19.9222               7                        MONTE CARLO
 100  414012050    5 16 22 18   584 305     8   2MY 15.5202 22.1287 17.9297               7                        MONTE CARLO
 100  414029005    4 16 22 19   552 305     8   2AY 16.2291 22.4158 18.5306               7                        OMEGA
 100  414029005    4 15 21 17   617 305     8   2MY 14.6000 21.0000 16.9205               7                        OMEGA
 100  414029010    3 17 25 20   525 305     8   2AY 17.2000 24.7000 19.9222               7                        STARFIRE
 100  414029010    3 16 22 18   584 305     8   2MY 15.5202 22.1287 17.9297               7                        STARFIRE
 100  414029015    5 16 22 18   584 305     8   2MY 15.5202 22.1287 17.9297               7                        CUTLASS
 100  414029018    5 16 22 18   584 305     8   2MY 15.5202 22.1287 17.9297               7                        CUTLASS SUPREME
 100  414033005    3 17 25 20   525 305     8   2AY 17.2000 24.7000 19.9222               7                        SUNBIRD
 100  414033005    3 16 22 18   584 305     8   2MY 15.5202 22.1287 17.9297               7                        SUNBIRD
 100  414033015    4 16 22 19   552 305     8   2AY 16.2291 22.4158 18.5306               7                        PHOENIX
 100  414033015    4 15 21 17   617 305     8   2MY 14.6000 21.0000 16.9205               7                        PHOENIX
 100  414033020    3 16 22 19   552 305     8   2AY 16.2291 22.4158 18.5306               7                        FIREBIRD
 100  414033020    3 15 21 17   617 305     8   2MY 14.6000 21.0000 16.9205               7                        FIREBIRD
 100  414033025    5 17 25 20   525 305     8   2AY 17.2000 24.7000 19.9222               7                        LEMANS
 100  414033030    8 16 22 19   552 305     8   2AY 16.2291 22.4158 18.5306               7                        LEMANS SAFARI WAGON
 100  414055025   11 16 23 19   552 305     8   2AY 16.4373 22.8908 18.8257               7                        EL CAMINO
 100  414055025   11 16 22 18   584 305     8   2MY 15.5202 22.1287 17.9297               7                        EL CAMINO
 100  414080015   11 16 23 19   552 305     8   2AY 16.4248 22.8621 18.8079               7                        CABALLERO
 100  414080015   11 16 22 18   584 305     8   2MY 15.5202 22.1287 17.9297               7                        CABALLERO
 100  420033020    3 14 19 16   656 400     8   4AY 14.2773 19.2428 16.1530               7                        FIREBIRD
 100  420033020    3 12 16 14   750 400     8   4MY 12.1000 16.5000 13.7500               7                        FIREBIRD
 100  420033045    6 14 19 16   656 400     8   4AY 14.0308 19.0700 15.9244               7                        PONTIAC
 100  420033050    9 14 19 16   656 400     8   4AY 14.0305 19.0698 15.9241               7                        PONTIAC SAFARI WAGON
 100  4208 8030    6 17 24 20   525 301     8   2AY 16.8000 24.3000 19.5097               7                        LESABRE
 100  420833025    5 18 25 20   525 301     8   2AY 17.7000 25.3000 20.4666               7                        LEMANS
 100  420833045    6 17 24 20   525 301     8   2AY 16.8000 24.3000 19.5097               7                        PONTIAC
 100  420833050    9 15 21 17   617 301     8   2AY 14.7000 20.9000 16.9647               7                        PONTIAC SAFARI WAGON
 100  420833055    5 18 25 20   525 301     8   2AY 17.7000 25.3000 20.4666               7                        GRAND PRIX
 100  421233025    5 17 24 20   525 301     8   4AY 17.0056 23.9068 19.5445               7                        LEMANS
 100  421233055    5 17 24 20   525 301     8   4AY 17.0056 23.9068 19.5445               7                        GRAND PRIX
 100  423012010    3 23 31 26   404 151     4   2AY 23.0527 30.8672 26.0166               7                        MONZA
 100  423012010    3 24 34 28   375 151     4   2MY 24.0016 34.2773 27.7443               7                        MONZA
 100  423012015    7 23 31 26   404 151     4   2AY 23.0527 30.8672 26.0166               7                        MONZA WAGON
 100  423012015    7 24 34 28   375 151     4   2MY 24.0016 34.2773 27.7443               7                        MONZA WAGON
 100  423029010    3 23 31 26   404 151     4   2AY 23.0527 30.8672 26.0166               7                        STARFIRE
 100  423029010    3 24 34 28   375 151     4   2MY 24.0016 34.2773 27.7443               7                        STARFIRE
 100  423033005    3 23 31 26   404 151     4   2AY 23.0527 30.8672 26.0166               7                        SUNBIRD
 100  423033005    3 24 34 28   375 151     4   2MY 24.0016 34.2773 27.7443               7                        SUNBIRD
 100  423033010    7 23 31 26   404 151     4   2AY 23.0527 30.8672 26.0166               7                        SUNBIRD SAFARI WAGON
 100  423033010    7 24 34 28   375 151     4   2MY 24.0016 34.2773 27.7443               7                        SUNBIRD SAFARI WAGON
 100  423033015    4 21 27 23   457 151     4   2AY 20.8349 27.0263 23.2296               7                        PHOENIX
 100  430629015    5 19 27 22   478 260     8   2AY 19.2970 26.6924 22.0456               7                        CUTLASS
 100  430629015    5 20 29 23   457 260     8   2MY 20.2000 28.9000 23.3652               7                        CUTLASS
 100  430629018    5 19 27 22   478 260     8   2AY 19.2970 26.6924 22.0456               7                        CUTLASS SUPREME
 100  430629018    5 20 29 23   457 260     8   2MY 20.2000 28.9000 23.3652               7                        CUTLASS SUPREME
 100  430629020    8 18 25 21   500 260     8   2AY 18.3000 24.9000 20.7784               7                        CUTLASS CRUISER WAGON
 100  430629025    6 18 25 21   500 260     8   2AY 18.3000 24.9000 20.7784               7                        DELTA 88
 100  430833025    5 19 27 22   478 260     8   2AY 19.2794 26.6454 22.0185               7                        LEMANS
 110  433029040    6 13 19 15   700 403     8   4AY 13.2994 18.6981 15.2854               7                        TORONADO
1010  4336 8030    6 16 22 18   584 350     8   4AY 15.6158 22.0310 17.9706               7                        LESABRE                         (GM-OLDS)
1010  4336 8035    9 15 22 17   617 350     8   4AY 15.0969 21.5887 17.4595               7                        ESTATE WAGON                    (GM-OLDS)
1010  4336 8040    6 15 22 17   617 350     8   4AY 15.1211 21.6096 17.4834               7                        ELECTRA                         (GM-OLDS)
1010  4336 8045    6 15 22 17   617 350     8   4AY 15.1048 21.5955 17.4673               7                        RIVIERA                         (GM-OLDS)
 110  433629025    6 16 23 19   552 350     8   4AY 16.2982 22.5950 18.6351               7                        DELTA 88                        (GM-OLDS)
 110  433629030    9 15 22 17   617 350     8   4AY 15.0969 21.5887 17.4595               7                        CUSTOM CRUISER WAGON            (GM-OLDS)
 110  433629035    6 15 22 17   617 350     8   4AY 15.0969 21.5887 17.4595               7                        OLDSMOBILE 98                   (GM-OLDS)
1010  433633045    6 16 22 18   584 350     8   4AY 15.9034 22.2711 18.2517               7                        PONTIAC                         (GM-OLDS)
1010  433633050    9 15 22 17   617 350     8   4AY 15.0969 21.5887 17.4595               7                        PONTIAC SAFARI WAGON            (GM-OLDS)
2010  4337 8025    8 16 23 19   552 350     8   4AY 16.2987 22.5965 18.6360               7                        CENTURY WAGON                   (GM-OLDS)
2110  433729015    5 16 23 19   552 350     8   4AY 16.3095 22.6189 18.6506               7                        CUTLASS                         (GM-OLDS)
2110  433729018    5 16 23 19   552 350     8   4AY 16.2987 22.5965 18.6360               7                        CUTLASS SUPREME                 (GM-OLDS)
2110  433729020    8 16 23 19   552 350     8   4AY 16.2987 22.5965 18.6360               7                        CUTLASS CRUISER WAGON           (GM-OLDS)
2010  433733030    8 16 23 19   552 350     8   4AY 16.2987 22.5965 18.6360               7                        LEMANS SAFARI WAGON             (GM-OLDS)
 110  4338 8030    6 14 20 17   617 403     8   4AY 14.3930 20.3447 16.5750               7                        LESABRE
 110  4338 8035    9 14 20 16   656 403     8   4AY 14.1000 19.7319 16.1779               7                        ESTATE WAGON
 110  4338 8040    6 14 20 16   656 403     8   4AY 14.1007 19.7333 16.1788               7                        ELECTRA
 110  4338 8045    6 14 20 16   656 403     8   4AY 14.1020 19.7360 16.1805               7                        RIVIERA
 110  433829025    6 14 20 16   656 403     8   4AY 14.1420 19.8189 16.2346               7                        DELTA 88
 110  433829030    9 14 20 16   656 403     8   4AY 14.1000 19.7319 16.1779               7                        CUSTOM CRUISER WAGON
 110  433829035    6 14 20 16   656 403     8   4AY 14.1000 19.7319 16.1779               7                        OLDSMOBILE 98
1010  433833020    3 15 21 17   617 403     8   4AY 14.7000 21.0000 16.9942               7                        FIREBIRD
1010  433833045    6 14 20 16   656 403     8   4AY 14.1024 19.7368 16.1811               7                        PONTIAC
1010  433833050    9 14 20 16   656 403     8   4AY 14.1000 19.7319 16.1779               7                        PONTIAC SAFARI WAGON
 110  435029025    6 21 30 24   375 350     8  FIAN 21.0000 29.9000 24.2479( 5.7L)        9                        DELTA 88                        (DIESEL)
 100  435029030    9 19 27 22   410 350     8  FIAN 19.2000 26.8000 22.0086( 5.7L)        9                        CUSTOM CRUISER WAGON            (DIESEL)
 110  435029035    6 21 30 24   375 350     8  FIAN 21.0000 29.9000 24.2479( 5.7L)        9                        OLDSMOBILE 98                   (DIESEL)
 101  435110005    4 21 30 24   375 350     8  FIAN 21.0000 29.9000 24.2479( 5.7L)        9                        SEVILLE                         (DIESEL)
 100  436055015   11 20 27 23   392 350     8  FIAN 19.7580 27.2325 22.5422( 5.7L)        9                        CHEV. PICKUP                    (DIESEL)
 100  436080005   11 20 27 23   392 350     8  FIAN 19.7581 27.2327 22.5423( 5.7L)        9                        GMC PICKUP                      (DIESEL)
 100  4400 8020    5 18 26 21   500 196     6   2AY 18.0109 25.7279 20.8213( 3.2L)        7                        CENTURY
 100  4400 8020    5 19 33 23   457 196     6   2MY 18.7978 33.3293 23.3861( 3.2L)        7                        CENTURY
 100  4400 8022    5 18 26 21   500 196     6   2AY 18.0109 25.7279 20.8213( 3.2L)        7                        REGAL
 100  4400 8022    5 19 33 23   457 196     6   2MY 18.7978 33.3293 23.3861( 3.2L)        7                        REGAL
 100  440012010    3 18 26 21   500 196     6   2AY 18.0109 25.7279 20.8213( 3.2L)        7                        MONZA
 100  440012010    3 19 33 23   457 196     6   2MY 18.7978 33.3293 23.3861( 3.2L)        7                        MONZA
 100  4402 8005    4 18 26 21   500 231     6   2AY 17.7465 25.8426 20.6589               7                        SKYLARK
 100  4402 8005    4 16 26 19   552 231     6   2MY 15.7469 26.0809 19.1638               7                        SKYLARK
 100  4402 8010    3 19 27 22   478 231     6   2AY 18.8202 27.3499 21.8927               7                        SKYHAWK
 100  4402 8010    3 16 28 19   552 231     6   2MY 15.5505 27.8972 19.4177               7                        SKYHAWK
 100  4402 8020    5 19 27 22   478 231     6   2AY 18.8202 27.3499 21.8927               7                        CENTURY
 100  4402 8020    5 16 28 19   552 231     6   2MY 15.5505 27.8972 19.4177               7                        CENTURY
 100  4402 8022    5 19 27 22   478 231     6   2AY 18.8202 27.3499 21.8927               7                        REGAL
 100  4402 8022    5 16 28 19   552 231     6   2MY 15.5505 27.8972 19.4177               7                        REGAL
 100  4402 8025    8 19 27 22   478 231     6   2AY 18.8202 27.3499 21.8927               7                        CENTURY WAGON
 100  4402 8030    6 17 25 20   525 231     6   2AY 16.9000 24.6499 19.6850               7                        LESABRE
 100  440212050    5 19 27 22   478 231     6   2AY 18.8202 27.3499 21.8927               7                        MONTE CARLO
 100  440212050    5 16 28 19   552 231     6   2MY 15.5505 27.8972 19.4177               7                        MONTE CARLO
 100  440229005    4 18 26 21   500 231     6   2AY 18.1611 26.4254 21.1356               7                        OMEGA
 100  440229005    4 16 28 19   552 231     6   2MY 15.5755 27.6495 19.3847               7                        OMEGA
 100  440229010    3 19 27 22   478 231     6   2AY 18.8202 27.3499 21.8927               7                        STARFIRE
 100  440229010    3 16 28 19   552 231     6   2MY 15.5505 27.8972 19.4177               7                        STARFIRE
 100  440229015    5 19 27 22   478 231     6   2AY 18.8202 27.3499 21.8927               7                        CUTLASS
 100  440229015    5 16 28 19   552 231     6   2MY 15.5505 27.8972 19.4177               7                        CUTLASS
 100  440229018    5 19 27 22   478 231     6   2AY 18.8202 27.3499 21.8927               7                        CUTLASS SUPREME
 100  440229018    5 16 28 19   552 231     6   2MY 15.5505 27.8972 19.4177               7                        CUTLASS SUPREME
 100  440229020    8 19 27 22   478 231     6   2AY 18.8202 27.3499 21.8927               7                        CUTLASS CRUISER WAGON
 100  440229025    6 17 25 20   525 231     6   2AY 16.9000 24.6499 19.6850               7                        DELTA 88
 100  440233005    3 19 27 22   478 231     6   2AY 18.8202 27.3499 21.8927               7                        SUNBIRD
 100  440233005    3 16 28 19   552 231     6   2MY 15.5600 27.9074 19.4281               7                        SUNBIRD
 100  440233015    4 18 26 20   525 231     6   2AY 17.5060 25.5042 20.3824               7                        PHOENIX
 100  440233015    4 16 28 19   552 231     6   2MY 15.5505 27.8972 19.4177               7                        PHOENIX
 100  440233020    3 17 25 20   525 231     6   2AY 16.9000 24.6499 19.6850               7                        FIREBIRD
 100  440233020    3 16 25 19   552 231     6   2MY 15.9000 24.8475 18.9747               7                        FIREBIRD
 100  440233025    5 19 27 22   478 231     6   2AY 18.8202 27.3499 21.8927               7                        LEMANS
 100  440233025    5 16 28 19   552 231     6   2MY 15.5505 27.8972 19.4177               7                        LEMANS
 100  440233030    8 19 27 22   478 231     6   2AY 18.8202 27.3499 21.8927               7                        LEMANS SAFARI WAGON
 100  440233045    6 17 25 20   525 231     6   2AY 16.9000 24.6499 19.6850               7                        PONTIAC
 100  440233055    5 19 27 22   478 231     6   2AY 18.8202 27.3499 21.8927               7                        GRAND PRIX
 100  440233055    5 16 28 19   552 231     6   2MY 15.5505 27.8972 19.4177               7                        GRAND PRIX
 100  440412010    3 18 26 21   500 231     6   2AY 18.2538 25.5296 20.9392               7                        MONZA
 100  440412010    3 15 28 19   552 231     6   2MY 15.4640 27.7404 19.3093               7                        MONZA
 100  440412015    7 18 26 21   500 231     6   2AY 18.2538 25.5296 20.9392               7                        MONZA WAGON
 100  440412015    7 15 28 19   552 231     6   2MY 15.4640 27.7404 19.3093               7                        MONZA WAGON
 100  440433010    7 18 26 21   500 231     6   2AY 18.2538 25.5296 20.9392               7                        SUNBIRD SAFARI WAGON
 100  440433010    7 17 29 21   500 231     6   2MY 16.8000 29.2000 20.7688               7                        SUNBIRD SAFARI WAGON
 100  4408 8022    5 19 26 21   500 231     6   2AY 18.7889 25.7902 21.4037( 3.8L)        7                        REGAL                           (TURBO)
 110  4411 8022    5 17 25 20   525 231     6   4AY 17.1459 24.6028 19.8538( 3.8L)        7                        REGAL                           (TURBO)
 110  4411 8030    6 16 22 19   552 231     6   4AY 16.3386 22.4370 18.6154( 3.8L)        7                        LESABRE                         (TURBO)
 100  4436 8030    6 15 22 18   584 350     8   4AY 15.2695 21.6350 17.5997               7                        LESABRE                         (GM-BUICK)
 100  4436 8035    9 15 22 18   584 350     8   4AY 15.2530 21.6060 17.5790               7                        ESTATE WAGON                    (GM-BUICK)
 100  4436 8040    6 15 22 18   584 350     8   4AY 15.2531 21.6062 17.5791               7                        ELECTRA                         (GM-BUICK)
 100  4436 8045    6 15 22 18   584 350     8   4AY 15.2530 21.6060 17.5790               7                        RIVIERA                         (GM-BUICK)
 100  443633045    6 15 22 18   584 350     8   4AY 15.2530 21.6060 17.5790               7                        PONTIAC                         (GM-BUICK)
 100  443633050    9 15 22 18   584 350     8   4AY 15.2530 21.6060 17.5790               7                        PONTIAC SAFARI WAGON            (GM-BUICK)
 110  460410005    4 14 20 16   656 350     8  FIAY 13.6989 19.9489 15.9472               7                        SEVILLE                         (GM-CAD)
8110  461010010    6 12 18 14   750 425     8  FIAY 12.4104 18.1292 14.4635               7                        CADILLAC
8110  461810015    6 10 15 11   954 425     8   4AY  9.7473 14.5046 11.4351               7                        LIMOUSINE
 100  461810020    5 10 15 11   954 425     8   4AY  9.5434 15.1052 11.4388               7                        ELDORADO
8110  461853005   13 10 15 11   954 425     8   4AY  9.5434 15.1052 11.4388               7                        COMMERCIAL CHASSIS
 100  463610010    6 13 19 15   700 425     8   4AY 12.9498 18.7979 15.0578               7                        CADILLAC
 001  9001 1005    3 19 25 21   500 120     4  FIAY 19.3000 24.8000 21.4396(1972CC)       7                        ALFETTA
 001  9001 1005    3 19 29 23   457 120     4  FIMY 19.3000 29.0000 22.7197(1972CC)       7                        ALFETTA
 001  9001 1010    1 18 26 21   500 120     4  FIMY 17.6000 26.1000 20.6222(1972CC)       7                        SPIDER 2000
 100 10001 6505    2 14 19 16   656 350     8   4AY 14.3000 18.9000 16.0588               7                        AVANTI II
 100 12002 7005    3 18 26 21   500 121     4  FIAN 17.9000 26.0000 20.8186              17                        320 I
 100 12002 7005    3 19 28 22   478 121     4  FIMN 18.9000 28.5000 22.2767              17                        320 I
 100 12003 7010    3 14 21 17   617 182     6  FIAN 14.1000 21.2083 16.6043               1                        530 I
 100 12003 7010    3 14 24 17   617 182     6  FIMN 14.0000 23.6051 17.1381               1                        530 I
 001 12004 7015    3 13 20 16   656 196     6  FIAN 13.3000 19.6499 15.5632               1                        633 CSI
 001 12004 7015    3 12 20 15   700 196     6  FIMN 12.4968 20.2995 15.1105               1                        633 CSI
 001 12004 7020    4 13 20 16   656 196     6  FIAN 13.3000 19.6499 15.5632               1                        733 I
 001 12004 7020    4 12 20 15   700 196     6  FIMN 12.4968 20.2995 15.1105               1                        733 I
2100 1400111005    5 15 20 17   617 250     6   1AY 15.1000 19.7000 16.8729               7                        CHECKER
 100 1400211005    5 16 22 18   584 250     6   1AY 16.5000 21.7000 18.4943               7                        CHECKER
 000 1400311005    5 15 20 17   617 305     8   2AY 15.1000 20.2000 17.0355               7                        CHECKER
 100 1400411005    5 12 14 13   807 350     8   4AY 11.7000 14.3993 12.7779               7                        CHECKER
 001 2000128006    4 17 22 19   552 141     4   1AY 17.2000 21.7000 18.9703( 2.3L)        7                        MB 123(230)
 001 2000328006    4 14 19 16   656 168     6  FIAY 13.9849 18.7676 15.7964( 2.8L)        7                        MB 123(230)
 001 2000328016    4 14 19 16   656 168     6  FIAY 13.9849 18.7676 15.7964( 2.8L)        7                        MB 116(280SE)
 001 2000528036    5 12 18 14   750 276     8  FIAY 12.0747 18.3394 14.2680( 4.5L)        7                        MB116V(450SEL)
 001 2000528041    1 12 19 14   750 276     8  FIAY 12.0864 18.5486 14.3335( 4.5L)        7                        MB107(450SL/SLC)
 001 2000728036    5 10 15 12   875 417     8  FIAY 10.4000 14.7000 11.9765( 6.9L)        7                        MB116V(450SEL)
 001 2005128006    4 26 30 27   333 147     4  FIAN 25.6919 29.8541 27.4117( 2.4L)        9                        MB 123(230)                     (DIESEL)
 001 2005328006    4 26 34 29   310 147     4  FIMN 26.4340 34.0482 29.3918( 2.4L)        9                        MB 123(230)                     (DIESEL)
 001 2005528006    4 22 28 25   360 183     5  FIAN 22.3000 28.2000 24.6177( 3.0L)        9                        MB 123(230)                     (DIESEL)
 001 2005728016    4 24 29 26   346 183     5  FIAN 23.8000 28.9000 25.8530( 3.0L)        9                        MB 116(280SE)                   (TURBO)   (DIESEL)
 001 2200117005    1 11 18 14   750 179     8   8MY 11.2000 18.3000 13.5690               7                        FERRARI 308
 100 2300118005    2 20 31 23   457  79     4   2MN 19.6067 30.7414 23.4248              17                        128
 100 2300118010    7 20 31 23   457  79     4   2MN 19.6067 30.7414 23.4248              17                        128 WAGON
 100 2300118040    1 20 31 23   457  79     4   2MN 19.6067 30.7414 23.4248              17                        X1/9
 100 2300218015    3 18 23 20   525 107     4   2AN 17.5000 22.9000 19.5774              17                        131 MIRAFIORI
 100 2300218015    3 17 27 21   500 107     4   2MN 17.4000 26.7000 20.6342              17                        131 MIRAFIORI
 100 2300218020    7 18 23 20   525 107     4   2AN 17.5000 22.9000 19.5774              17                        131 ESTATE WAGON
 100 2300218020    7 17 27 21   500 107     4   2MN 17.4000 26.7000 20.6342              17                        131 ESTATE WAGON
 100 2300218025    1 19 28 22   478 107     4   2MN 18.8000 28.1000 22.0899              17                        124 SPORT
 100 2300218030    3 17 25 20   525 107     4   2MN 16.8486 24.6256 19.6397              17                        LANCIA BETA
 001 2300418030    3 17 20 18   584 107     4   2AY 16.9000 19.6000 18.0169               7                        LANCIA BETA
 001 2300418035    1 18 23 20   525 107     4   2MY 17.9978 23.4000 20.0843               7                        LANCIA BETA SCORPION
2110 2600121010    0 38 46 42   250  91     4   3MN 38.3000 46.2830 41.5229              17                        CIVIC
2110 2600121010    0 30 35 32   328  91     4   3SN 30.2000 35.4000 32.3376              17                        CIVIC
2110 2600121015    7 31 37 34   309  91     4   3MN 31.3920 37.4000 33.8381              17                        CIVIC WAGON
2110 2600121015    7 27 32 29   362  91     4   3SN 26.9000 31.5000 28.7920              17                        CIVIC WAGON
2110 2600121020    3 37 46 41   256  98     4   3MN 36.9000 46.5000 40.6792              17                        ACCORD
2110 2600121020    3 26 32 28   375  98     4   3SN 26.1000 31.9000 28.4257              17                        ACCORD
2100 2600221005    2 31 41 35   300  76     4   2MN 31.2852 40.8744 34.9779              17                        CIVIC
2100 2600221005    2 24 33 28   375  76     4   2SN 24.4000 32.7000 27.5463              17                        CIVIC
 100 2601121005    2 29 37 32   328  76     4   2MN 28.6000 37.3000 31.9539(1238CC)      17                        CIVIC
 100 2601121005    2 23 30 25   420  76     4   2SN 22.7000 29.5000 25.3272(1238CC)      17                        CIVIC
 100 2601221005    2 36 44 40   262  91     4   3MN 36.4980 44.3730 39.6658              17                        CIVIC                           (CVCC)
 100 2601221005    2 29 35 32   328  91     4   3SN 29.4000 34.9000 31.6441              17                        CIVIC                           (CVCC)
 100 2601221015    7 31 36 33   318  91     4   3MN 31.0000 36.4000 33.2175              17                        CIVIC WAGON                     (CVCC)
 100 2601221015    7 27 31 29   362  91     4   3SN 27.1985 31.0000 28.7871              17                        CIVIC WAGON                     (CVCC)
 100 2601221020    3 33 44 37   284  98     4   3MN 33.2000 43.6000 37.1922              17                        ACCORD                          (CVCC)
 100 2601221020    3 28 33 30   350  98     4   3SN 27.6000 33.2000 29.8670              17                        ACCORD                          (CVCC)
 100 29001 8015    3 24 31 27   388 111     4   2AN 23.9000 30.9000 26.6130               6                        OPEL
 100 29001 8015    3 24 34 27   388 111     4   2MN 23.5417 33.6446 27.2198               6                        OPEL
 100 2902055005   10 23 29 26   404 111     4   2AN 23.4258 28.7159 25.5433               6                        LUV PICKUP
 100 2902055005   10 24 34 27   388 111     4   2MN 23.8734 33.6668 27.4692               6                        LUV PICKUP
 100 2902055010   13 23 28 25   420 111     4   2AN 22.8000 28.4000 25.0201               6                        LUV CAB CHASSIS
 100 2902055010   13 23 32 26   404 111     4   2MN 22.7000 32.1000 26.1453               6                        LUV CAB CHASSIS
 001 3000122005    3 14 20 16   656 258     6  FIAY 13.8000 20.0000 16.0372               7                        JAGUAR XJ
 100 3000222005    3 10 14 12   875 326    12  FIAY 10.2128 13.9705 11.6191               7                        JAGUAR XJ
 100 3000222010    3 10 14 12   875 326    12  FIAY 10.2128 13.9705 11.6191               7                        JAGUAR XJS
 100 3500125005    1 16 26 19   552 120     4   2MY 15.6000 25.9000 19.0002( 2.0L)        7                        ESPRIT
 100 3500225010    2 14 21 16   656 120     4   2AY 13.7484 20.5922 16.1662( 2.0L)        7                        ELITE/SPRINT
 100 3500225010    2 15 23 18   584 120     4   2MY 15.1300 23.2544 17.9524( 2.0L)        7                        ELITE/SPRINT
 001 3500725005    1 15 25 19   552 120     4   2MN 15.3739 25.4794 18.7139               7                        ESPRIT                          (NO CAT)
 001 3500725010    2 14 21 16   656 120     4   2AY 13.7484 20.5922 16.1662               7                        ELITE/SPRINT                    (NO CAT)
 001 3500725010    2 15 25 19   552 120     4   2MN 15.3739 25.4794 18.7139               7                        ELITE/SPRINT                    (NO CAT)
 100 3600126005    1 10 17 13   807 181     6   6MN 10.4498 16.6000 12.5406              17                        MERAK
 100 3630128515    1 16 29 20   525 110     4   1MY 15.9520 28.8098 19.9608               7                        MGB
 100 3800115020    3 25 29 27   388 119     4   2AN 24.9000 29.3000 26.7046              17                        510
 100 3800115020    3 25 35 29   362 119     4   2MN 25.3000 35.1000 28.9355              17                        510
 100 3800115025    7 23 28 25   420 119     4   2AN 23.2043 27.8257 25.0787              17                        510 WAGON
 100 3800115025    7 24 32 27   388 119     4   2MN 23.8002 32.2904 26.9942              17                        510 WAGON
 100 3800115045    2 23 28 25   420 119     4   2AN 23.2043 27.8257 25.0787              17                        200 SX
 100 3800115045    2 24 32 27   388 119     4   2MN 23.8002 32.2904 26.9942              17                        200 SX
 100 3800515005    2 24 28 26   404  85     4   2AN 23.7000 28.4478 25.6245(1397CC)      17                        B-210                           (NO CAT)
 100 3800515005    2 28 40 33   318  85     4   2MN 28.0371 40.4866 32.5397(1397CC)      17                        B-210                           (NO CAT)
 100 3800515010    3 28 40 33   318  85     4   2MN 28.0371 40.4866 32.5397(1397CC)      17                        F-10                            (NO CAT)
 100 3800515015    7 28 40 33   318  85     4   2MN 28.0371 40.4866 32.5397(1397CC)      17                        F-10 WAGON                      (NO CAT)
 100 3800615005    2 36 48 40   262  85     4   2MY 35.6000 48.1000 40.3145(1397CC)       7                        B-210                           (CAT)
 100 3800715030    3 16 23 18   584 146     6  FIMN 15.9000 22.6960 18.3761              17                        810
 100 3800715035    7 16 23 18   584 146     6  FIMN 15.9000 22.6960 18.3761              17                        810 WAGON
 100 3800715040    1 17 23 19   552 168     6  FIAN 17.1000 22.7000 19.2354              17                        280Z
 100 3800715040    1 18 27 21   500 168     6  FIMN 18.1920 26.5888 21.2056              17                        280Z
 100 3800815030    3 17 21 19   552 146     6  FIAN 17.0000 21.3000 18.6987              17                        810
 100 3800815035    7 17 21 19   552 146     6  FIAN 17.0000 21.3000 18.6987              17                        810 WAGON
 100 3805160005   10 23 26 24   438 119     4   2AN 22.6472 26.3000 24.1570              17                        PICKUP
 100 3805160005   10 24 31 27   388 119     4   2MN 23.6080 31.3519 26.5602              17                        PICKUP
 100 3805160010   13 19 27 22   478 119     4   2MN 19.2000 26.9000 22.0388              17                        DATSUN CAB CHASSIS
 001 4100131005    4 25 31 28   321 141     4  FIAN 25.3824 30.9857 27.6309               9                        504                             (DIESEL)
 001 4100131005    4 28 34 30   300 141     4  FIMN 27.8222 34.3353 30.4188               9                        504                             (DIESEL)
 001 4100131010    8 25 31 28   321 141     4  FIAN 25.3824 30.9857 27.6309               9                        504 WAGON                       (DIESEL)
 001 4100131010    8 28 34 30   300 141     4  FIMN 27.8222 34.3353 30.4188               9                        504 WAGON                       (DIESEL)
 001 4100231025    4 15 19 17   617 163     6   3AY 15.0000 18.8000 16.5009               7                        604
 001 4100231025    4 15 22 18   584 163     6   3MY 15.1000 22.5000 17.7230               7                        604
 001 4100531005    4 17 22 19   552 120     4   2AY 16.7000 21.6000 18.5986               7                        504
 001 4100531005    4 17 25 20   525 120     4   2MY 17.0363 25.0341 19.8967               7                        504
 001 4100531010    8 17 22 19   552 120     4   2AY 16.7000 21.6000 18.5986               7                        504 WAGON
 001 4100531010    8 17 25 20   525 120     4   2MY 17.0363 25.0341 19.8967               7                        504 WAGON
 100 4200134025    1 19 26 21   500 121     4  FIAY 18.6000 26.2499 21.4074               7                        924
 100 4200134025    1 20 30 23   457 121     4  FIMY 19.9000 30.0000 23.4532               7                        924
 001 4200434010    1 15 27 19   552 183     6  FIMY 15.2000 26.6000 18.8319               7                        911
 110 4200534030    2 11 16 13   807 273     8  FIAY 11.2000 16.3000 13.0353               7                        928
 110 4200534030    2 12 19 14   750 273     8  FIMY 11.9000 18.7000 14.2283               7                        928
 001 4201034010    1 11 22 14   750 201     6  FIMN 11.3000 22.0000 14.4661              17                        911                             (TURBO)
 100 4300135005    2 26 41 31   339  79     4   2MN 26.0453 41.0998 31.1857              17                        LE CAR
 001 4300435010    2 20 36 25   420 101     4  FIMN 19.7000 35.6121 24.6579              17                        17 GORDINI
 100 4400136005    3 10 13 11   954 412     8   2AY 10.2000 13.4000 11.4281               7                        ROLLS-ROYCE/BENTLEY
 100 4400136015    4 10 13 11   954 412     8   2AY 10.2000 13.4000 11.4281               7                        CAMARGUE
 001 4700137005    4 20 26 23   457 122     4  FIAY 20.2000 26.2000 22.5209( 2.0L)        7                        99                              (3WAY CAT)
 001 4700137005    4 22 30 25   420 122     4  FIMY 22.2000 29.7000 25.0462( 2.0L)        7                        99                              (3WAY CAT)
 100 4700237005    4 18 24 21   500 122     4  FIAN 18.5000 23.9996 20.6270( 2.0L)       17                        99                              (NO CAT)
 100 4700237005    4 19 29 23   457 122     4  FIMN 19.3000 28.7000 22.6363( 2.0L)       17                        99                              (NO CAT)
 001 4700337005    4 20 27 22   478 122     4  FIMY 19.7000 27.2000 22.4907( 2.0L)        7                        99                              (3WAY CAT)(TURBO)
 100 4900116010    2 29 38 32   328  98     4   2AY 28.8000 37.9000 32.2887               7                        CELESTE
 100 4900116010    2 29 39 33   318  98     4   2MY 29.4674 39.2579 33.1924               7                        CELESTE
 100 4900116015    2 27 35 30   350  98     4   2AY 26.7000 34.7000 29.7907               7                        CHALLENGER
 100 4900116015    2 29 40 33   318  98     4   2MY 29.2000 39.6000 33.1134               7                        CHALLENGER
 100 4900116025    2 29 38 32   328  98     4   2AY 28.8000 37.9000 32.2887               7                        COLT
 100 4900116025    2 34 45 38   276  98     4   2MY 33.9885 45.0995 38.2265               7                        COLT
 100 4900132010    2 29 38 32   328  98     4   2AY 28.8000 37.9000 32.2887               7                        LANCER
 100 4900132010    2 34 45 38   276  98     4   2MY 33.5675 44.5575 37.7583               7                        LANCER
 100 4900132015    2 29 38 32   328  98     4   2AY 28.8000 37.9000 32.2887               7                        ARROW
 100 4900132015    2 29 39 33   318  98     4   2MY 29.4674 39.2579 33.1924               7                        ARROW
 100 4900132040    2 27 35 30   350  98     4   2AY 26.7000 34.7000 29.7907               7                        SAPPORO
 100 4900132040    2 29 40 33   318  98     4   2MY 29.2000 39.6000 33.1134               7                        SAPPORO
 100 4900316010    2 24 31 27   388 122     4   2AY 24.5000 30.7000 26.9491               7                        CELESTE
 100 4900316010    2 27 36 31   339 122     4   2MY 27.3000 36.4000 30.7606               7                        CELESTE
 100 4900316015    2 22 28 24   438 156     4   2AY 21.9000 28.2000 24.3477               7                        CHALLENGER
 100 4900316015    2 24 35 28   375 156     4   2MY 23.5000 34.8000 27.5215               7                        CHALLENGER
 100 4900316020    7 22 28 24   438 156     4   2AY 21.9000 28.2000 24.3477               7                        COLT WAGON
 100 4900316020    7 24 35 28   375 156     4   2MY 23.5000 34.8000 27.5215               7                        COLT WAGON
 100 4900332012    7 22 28 24   438 156     4   2AY 21.9000 28.2000 24.3477               7                        LANCER WAGON
 100 4900332012    7 24 35 28   375 156     4   2MY 23.5000 34.8000 27.5215               7                        LANCER WAGON
 100 4900332015    2 24 31 27   388 122     4   2AY 24.5000 30.7000 26.9491               7                        ARROW
 100 4900332015    2 27 36 31   339 122     4   2MY 27.3000 36.4000 30.7606               7                        ARROW
 100 4900332040    2 22 28 24   438 156     4   2AY 21.9000 28.2000 24.3477               7                        SAPPORO
 100 4900332040    2 24 35 28   375 156     4   2MY 23.5000 34.8000 27.5215               7                        SAPPORO
 100 4905116020    7 27 35 30   350  98     4   2AY 26.7000 34.7000 29.7907               7                        COLT WAGON
 100 4905116020    7 28 38 32   328  98     4   2MY 28.1156 38.2026 31.9066               7                        COLT WAGON
 100 4905132012    7 27 35 30   350  98     4   2AY 26.7000 34.7000 29.7907               7                        LANCER WAGON
 100 4905132012    7 28 38 32   328  98     4   2MY 28.1156 38.2026 31.9066               7                        LANCER WAGON
 001 5200137705    2 10 15 11   954 454     8   4AN  9.7000 14.7000 11.4530               7                        EXCALIBUR
 100 5300140010    1 15 22 17   617 215     8   2AY 15.0000 21.6995 17.4202               7                        TR
 100 5300140010    1 16 26 19   552 215     8   2MY 15.5000 25.5000 18.8214               7                        TR
 100 5300340010    1 20 26 22   478 122     4   2AY 19.7000 25.9996 22.1108               7                        TR
 100 5300340010    1 20 28 23   457 122     4   2MY 19.7978 27.9451 22.7874               7                        TR
 100 5300528505    1 22 33 26   404  91     4   1MY 22.1829 33.0248 26.0281               7                        MIDGET
 100 5300540015    1 22 33 26   404  91     4   1MY 22.1829 33.0248 26.0281               7                        SPITFIRE
 110 5600127020    3 30 36 33   318  78     4   2AY 30.0000 36.4000 32.5776               6                        GLC
 110 5600127020    3 35 44 38   276  78     4   2MY 34.6594 43.9491 38.3027               6                        GLC
 110 5600370005   10 29 38 33   318 110     4   2MN 29.1942 38.4372 32.7366( 1.8L)        6                        COURIER PICKUP
2110 5600370007   13 29 38 33   318 110     4   2MN 29.1942 38.4372 32.7366( 1.8L)        6                        COURIER CAB CHASSIS
 110 5600388005   10 29 38 33   318 110     4   2MN 29.1942 38.4372 32.7366               6                        B1800 PICKUP
 110 5600570005   10 22 29 25   420 140     4   2AN 21.9000 28.7000 24.5136( 2.3L)        6                        COURIER PICKUP
 110 5600570005   10 25 35 29   362 140     4   2MN 25.0443 34.7184 28.6348( 2.3L)        6                        COURIER PICKUP
2110 5600570007   13 22 29 25   420 140     4   2AN 21.9000 28.7000 24.5136( 2.3L)        6                        COURIER CAB CHASSIS
 110 5600570007   13 25 35 29   362 140     4   2MN 25.0443 34.7184 28.6348( 2.3L)        6                        COURIER CAB CHASSIS
 110 5600727005    3 17 23 19   552  80     2   4AN 17.1000 23.2000 19.3948               6                        COSMO                           (ROTARY)
 110 5600727005    3 19 27 22   478  80     2   4MN 18.8000 27.4000 21.8921               6                        COSMO                           (ROTARY)
 110 5600727030    3 17 23 19   552  80     2   4AN 17.1000 23.2000 19.3948               6                        RX-4                            (ROTARY)
 110 5600727030    3 19 27 22   478  80     2   4MN 18.8000 27.4000 21.8921               6                        RX-4                            (ROTARY)
 110 5600727035    7 17 23 19   552  80     2   4AN 17.1000 23.2000 19.3948               6                        RX-4 WAGON                      (ROTARY)
 110 5600727035    7 19 27 22   478  80     2   4MN 18.8000 27.4000 21.8921               6                        RX-4 WAGON                      (ROTARY)
 100 5600927025    2 18 23 20   525  70     2   4AN 18.2000 23.3000 20.1885               6                        RX-3                            (ROTARY)
 110 5600927025    2 19 28 23   457  70     2   4MN 19.4000 28.2000 22.5693               6                        RX-3                            (ROTARY)
 100 5700139005    3 34 46 39   269  71     4   2MY 34.4897 45.9108 38.8373               6                        COROLLA
 100 5700239005    3 26 32 28   375  97     4   2AY 25.6764 31.8810 28.1409               6                        COROLLA
 100 5700239005    3 28 38 32   328  97     4   2MY 28.0887 37.6508 31.7131               6                        COROLLA
 100 5700239010    7 26 32 28   375  97     4   2AY 25.6764 31.8810 28.1409               6                        COROLLA WAGON
 100 5700239010    7 28 38 32   328  97     4   2MY 28.0887 37.6508 31.7131               6                        COROLLA WAGON
 100 5700439015    3 19 23 21   500 134     4   2AN 19.0000 23.3000 20.7208               6                        CORONA
 100 5700439015    3 20 29 23   457 134     4   2MN 20.3000 28.6000 23.3493               6                        CORONA
 100 5700439020    7 19 23 21   500 134     4   2AN 19.0000 23.3000 20.7208               6                        CORONA WAGON
 100 5700439020    7 20 29 23   457 134     4   2MN 20.3000 28.6000 23.3493               6                        CORONA WAGON
 100 5700439025    3 22 27 24   438 134     4   2AN 21.8000 26.8000 23.7980               6                        CELICA
 100 5700439025    3 20 34 25   420 134     4   2MN 20.5000 33.6996 24.8864               6                        CELICA
 100 5700539030    3 20 27 22   478 156     6   2AY 19.5744 26.8041 22.2785               6                        CRESSIDA
 100 5700539035    7 20 27 22   478 156     6   2AY 19.5744 26.8041 22.2785               6                        CRESSIDA WAGON
 100 5705194005   10 22 27 24   438 134     4   2AN 22.0000 26.6000 23.8565               6                        HILUX
 100 5705194005   10 23 31 26   404 134     4   2MN 22.7033 31.0378 25.8237               6                        HILUX
 100 5705194010   13 18 25 21   500 134     4   2MN 18.0000 25.1000 20.6254               6                        HILUX CAB CHASSIS
 100 5705294015   13 12 18 14   750 258     6   2MN 12.2000 18.2000 14.3252               6                        LAND CRUISER
 100 5705294020   13 11 16 13   807 258     6   2MN 11.2000 15.7000 12.8585               6                        LAND CRUISER WAGON
 110 5900142010    3 26 40 31   339  89     4   1MY 26.1000 39.9000 30.9110               7                        RABBIT
 110 5900242005    2 21 30 24   438  97     4  FIMN 21.0000 29.6000 24.1586               1                        BEETLE CONVERTIBLE
 110 59004 5005    3 20 29 23   457  97     4  FIAN 20.2000 29.2000 23.4529               1                        FOX
 110 59004 5005    3 23 37 28   375  97     4  FIMN 23.3000 37.2000 28.0097               1                        FOX
 110 59004 5010    7 20 29 23   457  97     4  FIAN 20.2000 29.2000 23.4529               1                        FOX WAGON
 110 59004 5010    7 23 37 28   375  97     4  FIMN 23.3000 37.2000 28.0097               1                        FOX WAGON
 110 5900442010    3 22 32 26   404  89     4  FIAN 22.1000 31.8000 25.6162               1                        RABBIT
 110 5900442010    3 25 38 29   362  89     4  FIMN 24.8000 37.6000 29.2864               1                        RABBIT
 110 5900442020    3 20 29 23   457  97     4  FIAN 20.2000 29.2000 23.4529               1                        DASHER
 110 5900442020    3 23 37 28   375  97     4  FIMN 23.3000 37.2000 28.0097               1                        DASHER
 110 5900442030    7 20 29 23   457  97     4  FIAN 20.2000 29.2000 23.4529               1                        DASHER WAGON
 110 5900442030    7 23 37 28   375  97     4  FIMN 23.3000 37.2000 28.0097               1                        DASHER WAGON
 110 5900442040    3 22 32 26   404  89     4  FIAN 22.1000 31.8000 25.6162               1                        SCIROCCO
 110 5900442040    3 25 38 29   362  89     4  FIMN 24.8000 37.6000 29.2864               1                        SCIROCCO
 001 5903142010    3 40 53 45   200  90     4  FIMN 39.6719 52.8875 44.6980               9                        RABBIT                          (DIESEL)
2001 5903142020    3 35 47 40   225  90     4  FIMN 35.3000 47.1000 39.7854               9                        DASHER                          (DIESEL)
2001 5903142030    7 35 47 40   225  90     4  FIMN 35.3000 47.1000 39.7854               9                        DASHER WAGON                    (DIESEL)
 110 5905197005   12 17 23 19   552 120     4  FIAN 16.9000 23.1000 19.2216               1                        BUS (WAGON,KOMBI,CAMPMOBILE)
 110 5905197005   12 17 25 20   525 120     4  FIMN 17.4000 24.9000 20.1282               1                        BUS (WAGON,KOMBI,CAMPMOBILE)
 001 6000143030    8 19 24 21   500 130     4  FIAY 18.9000 24.5000 21.0669               7                        VOLVO STATION WAGON             (3WAY CAT)
 001 6000143030    8 19 31 23   457 130     4  FIMY 19.2000 30.6000 23.0671               7                        VOLVO STATION WAGON             (3WAY CAT)
 001 6000143035    4 20 25 22   478 130     4  FIAY 19.9932 25.3890 22.1075               7                        VOLVO SEDAN                     (3WAY CAT)
 001 6000143035    4 20 31 24   438 130     4  FIMY 19.6201 31.2851 23.5758               7                        VOLVO SEDAN                     (3WAY CAT)
 100 6000243030    8 18 24 20   525 130     4  FIAY 18.3000 23.8000 20.4239               7                        VOLVO STATION WAGON
 100 6000243030    8 18 29 22   478 130     4  FIMY 18.0042 28.7616 21.6477               7                        VOLVO STATION WAGON
 100 6000243035    4 19 24 21   500 130     4  FIAY 18.5509 24.2667 20.7503               7                        VOLVO SEDAN
 100 6000243035    4 19 29 23   457 130     4  FIMY 19.4942 28.8552 22.8266               7                        VOLVO SEDAN
 001 6000343030    8 17 23 19   552 163     6  FIAY 17.2000 22.7000 19.3048               7                        VOLVO STATION WAGON             (3WAY CAT)
 001 6000343030    8 16 27 19   552 163     6  FIMY 15.9000 26.6000 19.4143               7                        VOLVO STATION WAGON             (3WAY CAT)
 001 6000343035    4 17 23 19   552 163     6  FIAY 17.2000 22.7000 19.3048               7                        VOLVO SEDAN                     (3WAY CAT)
 001 6000343035    4 16 27 19   552 163     6  FIMY 15.9000 26.6000 19.4143               7                        VOLVO SEDAN                     (3WAY CAT)
 100 6000443030    8 16 22 18   584 163     6  FIAY 16.2000 22.3000 18.4740               7                        VOLVO STATION WAGON
 100 6000443030    8 15 27 19   552 163     6  FIMY 15.0000 26.8000 18.7064               7                        VOLVO STATION WAGON
 100 6000443035    4 16 22 18   584 163     6  FIAY 16.2000 22.3000 18.4740               7                        VOLVO SEDAN
 100 6000443035    4 15 27 19   552 163     6  FIMY 15.0000 26.8000 18.7064               7                        VOLVO SEDAN
 100 6200141005    1 17 27 21   500 183     6   2MY 17.2994 27.2499 20.7010(2994CC)       7                        TVR 3000M
 110 64001 5015    4 17 24 19   552 131     5  FIAN 16.8000 23.7000 19.3328               1                        5000
 110 64001 5015    4 15 22 17   617 131     5  FIMN 14.8000 22.4000 17.4668               1                        5000
 110 6600138005    2 26 33 29   362  97     4   2AN 25.9000 33.1499 28.7272              17                        SUBARU
 110 6600138005    2 31 46 37   284  97     4   2MN 31.4791 45.8084 36.6362              17                        SUBARU
 110 6600138010    7 25 33 28   375  97     4   2AN 24.9000 32.5493 27.8447              17                        SUBARU WAGON
 110 6600138010    7 27 37 31   339  97     4   2MN 27.1777 37.4708 31.0111              17                        SUBARU WAGON
 001 6600238015    0 26 36 30   350  97     4   2MN 26.2038 36.3315 29.9623              17                        BRAT
