 100  1009 2005    3 14 18 16   750 258A3-1 6   1AY 14.4000 17.9000 15.7893               7                        SPIRIT
 100  1009 2010    4 14 18 16   750 258A3-1 6   1AY 14.4000 17.9000 15.7893               7                        PACER
 100  1009 2020    4 14 18 16   750 258A3-1 6   1AY 14.4000 17.9000 15.7893               7                        CONCORD
 100  1009 2025    7 14 18 16   750 258A3-1 6   1AY 14.4000 17.9000 15.7893               7                        CONCORD WAGON
 000  101085005   13 13 17 15   807 304M3-1 8   2MY 12.9249 17.2977 14.5839               7                        JEEP (CJ-5/CJ-7)
 100  101751005   13 15 17 16   700 258A3-1 6   2AY 14.5428 16.9278 15.5272               7                        POST OFFICE VEHICLE
 100  101785005   13 15 17 16   700 258A3-1 6   2AY 14.5428 16.9278 15.5272               7                        JEEP (CJ-5/CJ-7)
 100  101885005   13 16 18 17   656 258M3-1 6   2CY 15.7703 17.7363 16.5983               7                        JEEP (CJ-5/CJ-7)
 100  1021 2015    7 13 17 14   807 258A3-1 6   1AY 12.7543 16.5967 14.2376               7                        PACER WAGON
 100  1022 2005    3 19 27 21   552 121A3-1 4   2AY 18.5230 26.5800 21.4487               7                        SPIRIT
 100  1022 2020    4 19 27 21   552 121A3-1 4   2AY 18.5230 26.5800 21.4487               7                        CONCORD
 100  1031 2005    3 15 23 18   700 258M4-1 6   2MY 15.2208 22.9961 17.9523               7                        SPIRIT
 100  1031 2010    4 15 23 18   700 258M4-1 6   2MY 15.0458 22.7000 17.7372               7                        PACER
 100  1031 2015    7 15 23 18   700 258M4-1 6   2MY 15.0458 22.7000 17.7372               7                        PACER WAGON
 100  1031 2020    4 15 23 18   700 258M4-1 6   2MY 15.0458 22.7000 17.7372               7                        CONCORD
 100  1031 2025    7 15 23 18   700 258M4-1 6   2MY 15.0458 22.7000 17.7372               7                        CONCORD WAGON
 100  1032 2005    3 16 21 18   656 258A3-0 6   2AY 16.2462 21.2981 18.1875               7                        SPIRIT
 100  1032 2010    4 16 21 18   656 258A3-0 6   2AY 16.2462 21.2981 18.1875               7                        PACER
 100  1032 2015    7 16 21 18   656 258A3-0 6   2AY 16.2462 21.2981 18.1875               7                        PACER WAGON
 100  1032 2020    4 16 21 18   656 258A3-0 6   2AY 16.2462 21.2981 18.1875               7                        CONCORD
 100  1032 2025    7 16 21 18   656 258A3-0 6   2AY 16.2462 21.2981 18.1875               7                        CONCORD WAGON
 001  200313005    5 14 18 16   750 225A3-1 6   1AY 14.0000 18.3000 15.6554               7                        LEBARON
 001  200313010    8 14 18 16   750 225A3-1 6   1AY 14.0000 18.3000 15.6554               7                        LEBARON WAGON
 001  200316030    5 15 18 16   700 225A3-1 6   1AY 14.8000 18.2000 16.1584               7                        ASPEN
 001  200316035    8 14 18 16   750 225A3-1 6   1AY 14.0000 18.3000 15.6554               7                        ASPEN WAGON
 001  200316040    5 14 18 16   750 225A3-1 6   1AY 14.0000 18.3000 15.6554               7                        DIPLOMAT
 001  200316045    8 14 18 16   750 225A3-1 6   1AY 14.0000 18.3000 15.6554               7                        DIPLOMAT WAGON
 001  200332020    5 15 18 16   700 225A3-1 6   1AY 14.8000 18.2000 16.1584               7                        VOLARE
 001  200332025    8 14 18 16   750 225A3-1 6   1AY 14.0000 18.3000 15.6554               7                        VOLARE WAGON
 001  200416005    3 21 29 24   500 105A3-1 4   2AY 21.1623 29.0551 24.1095               7                        OMNI
 001  200416005    3 24 35 28   438 105M4-1 4   2MY 23.7000 34.7000 27.6434               7                        OMNI
 001  200432005    3 21 29 24   500 105A3-1 4   2AY 21.1623 29.0550 24.1095               7                        HORIZON
 001  200432005    3 24 35 28   438 105M4-1 4   2MY 23.7000 34.7000 27.6434               7                        HORIZON
 001  200613005    5 14 21 17   750 318A3-1 8   4AY 13.8934 21.4270 16.5047               7                        LEBARON
 001  200613005    5 14 20 16   750 360A3-1 8   4AY 13.6479 20.4348 16.0461               7                        LEBARON
 001  200613010    8 13 20 15   807 318A3-1 8   4AY 13.1000 19.7000 15.4256               7                        LEBARON WAGON
 001  200613010    8 13 20 16   807 360A3-1 8   4AY 13.3267 20.4424 15.8018               7                        LEBARON WAGON
 001  200613015    5 13 20 15   807 318A3-1 8   4AY 13.1000 19.7000 15.4256               7                        CORDOBA
 001  200613015    5 13 20 16   807 360A3-1 8   4AY 13.3267 20.4424 15.8018               7                        CORDOBA
 001  200613020    6 13 20 15   807 318A3-1 8   4AY 13.1000 19.7000 15.4256               7                        NEWPORT/NEW YORKER
 001  200613020    6 13 20 16   807 360A3-1 8   4AY 13.3267 20.4424 15.8018               7                        NEWPORT/NEW YORKER
 001  200616030    5 14 21 17   750 318A3-1 8   4AY 13.8934 21.4270 16.5047               7                        ASPEN
 001  200616030    5 13 20 16   807 360A3-1 8   4AY 13.3554 20.4417 15.8238               7                        ASPEN
 001  200616035    8 14 21 17   750 318A3-1 8   4AY 13.8934 21.4270 16.5047               7                        ASPEN WAGON
 001  200616035    8 13 20 16   807 360A3-1 8   4AY 13.3267 20.4424 15.8018               7                        ASPEN WAGON
 001  200616040    5 14 21 17   750 318A3-1 8   4AY 13.8934 21.4270 16.5047               7                        DIPLOMAT
 001  200616040    5 14 20 16   750 360A3-1 8   4AY 13.6499 20.4347 16.0476               7                        DIPLOMAT
 001  200616045    8 14 21 17   750 318A3-1 8   4AY 13.8934 21.4270 16.5047               7                        DIPLOMAT WAGON
 001  200616045    8 13 20 16   807 360A3-1 8   4AY 13.3267 20.4424 15.8018               7                        DIPLOMAT WAGON
 001  200616060    5 13 20 15   807 318A3-1 8   4AY 13.1000 19.7000 15.4256               7                        MAGNUM
 001  200616060    5 13 20 16   807 360A3-1 8   4AY 13.3267 20.4424 15.8018               7                        MAGNUM
 001  200616070    6 13 20 15   807 318A3-1 8   4AY 13.1000 19.7000 15.4256               7                        ST. REGIS
 001  200616070    6 13 20 16   807 360A3-1 8   4AY 13.3267 20.4424 15.8018               7                        ST. REGIS
 001  200632020    5 14 21 17   750 318A3-1 8   4AY 13.8934 21.4270 16.5047               7                        VOLARE
 001  200632020    5 13 20 16   807 360A3-1 8   4AY 13.3751 20.4412 15.8389               7                        VOLARE
 001  200632025    8 14 21 17   750 318A3-1 8   4AY 13.8934 21.4270 16.5047               7                        VOLARE WAGON
 001  200632025    8 13 20 16   807 360A3-1 8   4AY 13.3267 20.4424 15.8018               7                        VOLARE WAGON
 001  202065025   12 13 18 15   807 318A3-1 8   4AY 12.6043 18.1988 14.6278               7                        B100
 001  202065030   11 13 18 15   807 318A3-1 8   4AY 12.6753 18.2327 14.6902               7                        D100
 001  202091025   12 12 18 14   875 318A3-1 8   4AY 12.0000 17.9000 14.0899               7                        PB100
 001  203013005    5 15 20 16   700 225A3-1 6   1AY 14.6000 19.6000 16.4934               7                        LEBARON                         (3WAY CAT)
 001  203013010    8 15 20 16   700 225A3-1 6   1AY 14.6000 19.6000 16.4934               7                        LEBARON WAGON                   (3WAY CAT)
 001  203016030    5 16 21 18   656 225A3-1 6   1AY 16.3000 20.7000 18.0240               7                        ASPEN                           (3WAY CAT)
 001  203016035    8 15 20 16   700 225A3-1 6   1AY 14.6000 19.6000 16.4934               7                        ASPEN WAGON                     (3WAY CAT)
 001  203016040    5 15 20 16   700 225A3-1 6   1AY 14.6000 19.6000 16.4934               7                        DIPLOMAT                        (3WAY CAT)
 001  203016045    8 15 20 16   700 225A3-1 6   1AY 14.6000 19.6000 16.4934               7                        DIPLOMAT WAGON                  (3WAY CAT)
 001  203032020    5 16 21 18   656 225A3-1 6   1AY 16.3000 20.7000 18.0240               7                        VOLARE                          (3WAY CAT)
 001  203032025    8 15 20 16   700 225A3-1 6   1AY 14.6000 19.6000 16.4934               7                        VOLARE WAGON                    (3WAY CAT)
 100  316019003    3 26 40 31   404  98M4-2 4   2MY 25.9000 39.5000 30.6486( 1.6L)        7                        FIESTA
 100  326019015    3 18 26 21   584 140A3-1 4   2AY 18.2647 26.1656 21.1368( 2.3L)        7                        MUSTANG
 100  326019019    5 18 26 21   584 140A3-1 4   2AY 18.2647 26.1656 21.1368( 2.3L)        7                        FAIRMONT
 100  326024010    3 18 26 21   584 140A3-1 4   2AY 18.2647 26.1656 21.1368( 2.3L)        7                        CAPRI
 100  326024016    5 18 26 21   584 140A3-1 4   2AY 18.2647 26.1656 21.1368( 2.3L)        7                        ZEPHYR
 100  326119015    3 17 27 21   617 140M4-1 4   2MY 17.4000 26.9000 20.6877( 2.3L)        7                        MUSTANG
 100  326119019    5 17 27 21   617 140M4-1 4   2MY 17.4000 26.9000 20.6877( 2.3L)        7                        FAIRMONT
 100  326119021    8 17 27 21   617 140M4-1 4   2MY 17.4000 26.9000 20.6877( 2.3L)        7                        FAIRMONT WAGON
 100  326124010    3 17 27 21   617 140M4-1 4   2MY 17.4000 26.9000 20.6877( 2.3L)        7                        CAPRI
 100  326124016    5 17 27 21   617 140M4-1 4   2MY 17.4000 26.9000 20.6877( 2.3L)        7                        ZEPHYR
 100  326124017    8 17 27 21   617 140M4-1 4   2MY 17.4000 26.9000 20.6877( 2.3L)        7                        ZEPHYR WAGON
 100  327019005    2 20 27 23   525 140A3-1 4   2AY 20.0776 27.0188 22.7021( 2.3L)        7                        PINTO                           (3WAY CAT)
 100  327019005    2 22 32 26   478 140M4-1 4   2MY 22.5000 32.2000 26.0284( 2.3L)        7                        PINTO                           (3WAY CAT)
 100  327019010    7 20 27 23   525 140A3-1 4   2AY 19.9000 26.9000 22.5394( 2.3L)        7                        PINTO WAGON                     (3WAY CAT)
 100  327019010    7 20 29 23   525 140M4-1 4   2MY 19.8000 29.2000 23.1542( 2.3L)        7                        PINTO WAGON                     (3WAY CAT)
 100  327024005    2 20 27 23   525 140A3-1 4   2AY 19.9000 26.9000 22.5394( 2.3L)        7                        BOBCAT                          (3WAY CAT)
 100  327024005    2 22 31 25   478 140M4-1 4   2MY 21.5218 31.1339 24.9943( 2.3L)        7                        BOBCAT                          (3WAY CAT)
 100  327024007    7 20 27 23   525 140A3-1 4   2AY 19.9000 26.9000 22.5394( 2.3L)        7                        BOBCAT WAGON                    (3WAY CAT)
 100  327024007    7 20 29 23   525 140M4-1 4   2MY 19.8000 29.2000 23.1542( 2.3L)        7                        BOBCAT WAGON                    (3WAY CAT)
 100  329019015    3 17 28 21   617 140M4-1 4   2MY 17.2125 27.6726 20.7404( 2.3L)        7                        MUSTANG                         (3WAY CAT)(TURBO)
 100  329024010    3 17 28 21   617 140M4-1 4   2MY 17.2125 27.6726 20.7404( 2.3L)        7                        CAPRI                           (3WAY CAT)(TURBO)
 100  336019015    3 16 22 18   656 171A3-1 6   2AY 15.8000 21.6000 17.9716( 2.8L)        7                        MUSTANG
 100  336024010    3 16 22 18   656 171A3-1 6   2AY 15.8000 21.6000 17.9716( 2.8L)        7                        CAPRI
 100  346019019    5 16 21 18   656 200A3-1 6   1AY 16.3000 20.7000 18.0240( 3.3L)        7                        FAIRMONT
 100  346024016    5 16 21 18   656 200A3-1 6   1AY 16.3000 20.7000 18.0240( 3.3L)        7                        ZEPHYR
 100  346119021    8 16 20 17   656 200A3-1 6   1AY 15.5000 20.0000 17.2462( 3.3L)        7                        FAIRMONT WAGON
 100  346124017    8 16 20 17   656 200A3-1 6   1AY 15.5000 20.0000 17.2462( 3.3L)        7                        ZEPHYR WAGON
 100  356019025    4 16 21 18   656 250A3-1 6   1AY 16.0000 21.3000 18.0174( 4.1L)        7                        GRANADA
 100  356024020    4 16 21 18   656 250A3-1 6   1AY 16.0000 21.3000 18.0174( 4.1L)        7                        MONARCH
 100  366019015    3 15 20 17   700 302A3-1 8   2AY 15.0592 19.8065 16.8798( 5.0L)        7                        MUSTANG
 100  366019019    5 15 20 17   700 302A3-1 8   2AY 15.0592 19.8065 16.8798( 5.0L)        7                        FAIRMONT
 100  366019021    8 15 20 17   700 302A3-1 8   2AY 15.0592 19.8065 16.8798( 5.0L)        7                        FAIRMONT WAGON
 100  366019025    4 14 19 16   750 302A3-1 8   2AY 14.3251 19.2805 16.1986( 5.0L)        7                        GRANADA
 100  366019045    6 14 19 16   750 302A3-1 8   2AY 13.6593 18.7817 15.5703( 5.0L)        7                        LTD
 100  366024010    3 15 20 17   700 302A3-1 8   2AY 15.0592 19.8065 16.8798( 5.0L)        7                        CAPRI
 100  366024016    5 15 20 17   700 302A3-1 8   2AY 15.0592 19.8065 16.8798( 5.0L)        7                        ZEPHYR
 100  366024017    8 15 20 17   700 302A3-1 8   2AY 15.0592 19.8065 16.8798( 5.0L)        7                        ZEPHYR WAGON
 100  366024020    4 14 19 16   750 302A3-1 8   2AY 14.0828 19.1014 15.9711( 5.0L)        7                        MONARCH
 100  366024022    4 14 19 16   750 302A3-1 8   2AY 13.6593 18.7817 15.5703( 5.0L)        7                        VERSAILLES
 100  366024040    6 14 19 16   750 302A3-1 8   2AY 13.6593 18.7817 15.5703( 5.0L)        7                        MARQUIS
 100  376019045    6 14 20 16   750 351A3-1 8   2AY 13.5000 19.5499 15.6841( 5.8L)        7                        LTD                             (W ENG)   (3WAY CAT)
 100  376019050    9 13 18 15   807 351A3-1 8   2AY 13.4000 18.5000 15.2977( 5.8L)        7                        LTD WAGON                       (W ENG)   (3WAY CAT)
 100  376024040    6 13 19 16   807 351A3-1 8   2AY 13.4769 19.2985 15.5937( 5.8L)        7                        MARQUIS                         (W ENG)   (3WAY CAT)
 100  376024045    9 13 18 15   807 351A3-1 8   2AY 13.4000 18.5000 15.2977( 5.8L)        7                        MARQUIS WAGON                   (W ENG)   (3WAY CAT)
 100  386019030    5 11 17 13   954 351A3-1 8   2AY 11.0000 17.0000 13.0769( 5.8L)        7                        LTD II                          (M ENG)
 100  386019055    5 11 17 13   954 351A3-1 8   2AY 11.0000 17.0000 13.0769( 5.8L)        7                        THUNDERBIRD                     (M ENG)
 100  386024025    5 11 17 13   954 351A3-1 8   2AY 11.0000 17.0000 13.0769( 5.8L)        7                        COUGAR                          (M ENG)
 100  386970025   11 11 17 13   954 351A3-1 8   2AY 11.0000 17.0000 13.0769( 5.8L)        7                        RANCHERO                        (M ENG)
 100  388024050    6 10 16 12  1050 400A3-1 8   2AY 10.5000 15.5000 12.2830( 6.6L)        7                        LINCOLN CONTINENTAL
 100  388024055    5 10 16 12  1050 400A3-1 8   2AY 10.5000 15.5000 12.2830( 6.6L)        7                        CONTINENTAL MARK V
 100  392170011   13 20 27 23   525 140A3-1 4   2AY 19.9000 26.9000 22.5394( 2.3L)        7                        PINTO PANEL DELIVERY            (3WAY CAT)
 100  396170030   11 13 17 14   807 302A3-1 8   2AY 12.8000 17.1000 14.4332( 5.0L)        7                        F-100
 100  396170035   12 12 17 14   875 302A3-1 8   2AY 11.8000 16.7000 13.5950( 5.0L)        7                        E-100
 100  398170030   11 11 15 12   954 351A3-1 8   2AY 11.1000 14.6000 12.4422( 5.8L)        7                        F-100                           (M ENG)
 100  411012005    3 25 29 27   420  98A3-1 4   2AY 24.9202 29.1354 26.6555( 1.6L)        7                        CHEVETTE
 100  411012005    3 27 35 30   388  98M4-1 4   2MY 26.6137 35.4077 29.9624( 1.6L)        7                        CHEVETTE
 100  413012020    4 15 20 17   700 250A3-1 6   1AY 15.3938 19.5037 17.0065( 4.1L)        7                        NOVA
 100  413012025    3 15 19 16   700 250A3-1 6   1AY 14.8052 18.6988 16.3359( 4.1L)        7                        CAMARO
 100  413012040    6 15 19 16   700 250A3-1 6   1AY 14.8052 18.6988 16.3359( 4.1L)        7                        IMPALA/CAPRICE
 100  413355060   11 15 20 17   700 250A3-1 6   2AY 15.1060 20.1641 17.0282( 4.1L)        7                        C10
 100  413355065   12 15 20 17   700 250A3-1 6   2AY 15.2001 20.3267 17.1461( 4.1L)        7                        G10
 100  413355065   12 15 20 17   700 250M3-1 6   2MY 15.3100 20.1299 17.1588( 4.1L)        7                        G10
 100  413380060   11 15 20 17   700 250A3-1 6   2AY 15.0759 20.1123 16.9906( 4.1L)        7                        C15
 100  413380065   12 15 20 17   700 250A3-1 6   2AY 15.0757 20.1120 16.9903( 4.1L)        7                        G15
 100  413380065   12 15 20 17   700 250M3-1 6   2MY 15.3038 20.1114 17.1485( 4.1L)        7                        G15
 100  413455060   11 15 20 17   700 250M3-1 6   2CY 15.3176 20.1551 17.1723( 4.1L)        7                        C10
 100  413480060   11 15 20 17   700 250M3-1 6   2CY 15.3310 20.1925 17.1938( 4.1L)        7                        C15
 100  414512010    3 14 20 16   750 305A3-1 8   2AY 13.6000 20.2000 15.9443( 5.0L)        7                        MONZA
 100  414512020    4 13 19 15   807 305A3-1 8   2AY 13.1000 19.0000 15.2279( 5.0L)        7                        NOVA
 100  414512025    3 13 19 15   807 305A3-1 8   2AY 13.1000 19.0000 15.2279( 5.0L)        7                        CAMARO
 100  414512040    6 13 19 15   807 305A3-1 8   2AY 13.1000 19.0000 15.2279( 5.0L)        7                        IMPALA/CAPRICE
 100  414529010    3 14 20 16   750 305A3-1 8   2AY 13.6000 20.2000 15.9443( 5.0L)        7                        STARFIRE
 100  414533005    3 14 20 16   750 305A3-1 8   2AY 13.6000 20.2000 15.9443( 5.0L)        7                        SUNBIRD
 100  414533015    4 13 19 15   807 305A3-1 8   2AY 13.1000 19.0000 15.2279( 5.0L)        7                        PHOENIX
 100  414533020    3 13 19 15   807 305A3-1 8   2AY 13.1000 19.0000 15.2279( 5.0L)        7                        FIREBIRD
 110  4160 8020    5 16 21 18   656 305A3-1 8   4AY 15.7000 20.7499 17.6309( 5.0L)        7                        CENTURY
 110  4160 8022    5 16 21 18   656 305A3-1 8   4AY 15.7000 20.7499 17.6309( 5.0L)        7                        REGAL
 100  4160 8025    8 14 19 16   750 305A3-1 8   4AY 13.9000 18.7000 15.7152( 5.0L)        7                        CENTURY WAGON
 110  416012030    5 16 21 18   656 305A3-1 8   4AY 15.7000 20.7499 17.6309( 5.0L)        7                        MALIBU
 100  416012035    8 14 19 16   750 305A3-1 8   4AY 13.9000 18.7000 15.7152( 5.0L)        7                        MALIBU WAGON
 110  416012050    5 16 21 18   656 305A3-1 8   4AY 15.7000 20.7499 17.6309( 5.0L)        7                        MONTE CARLO
 110  416029015    5 16 21 18   656 305A3-1 8   4AY 15.7000 20.7499 17.6309( 5.0L)        7                        CUTLASS SALON
 110  416029018    5 16 21 18   656 305A3-1 8   4AY 15.7000 20.7499 17.6309( 5.0L)        7                        CUTLASS SUPREME
 100  416029020    8 14 19 16   750 305A3-1 8   4AY 13.9000 18.7000 15.7152( 5.0L)        7                        CUTLASS WAGON
 110  416033025    5 16 21 18   656 305A3-1 8   4AY 15.7000 20.7499 17.6309( 5.0L)        7                        LEMANS/GRAND AM
 100  416033030    8 14 19 16   750 305A3-1 8   4AY 13.9000 18.7000 15.7152( 5.0L)        7                        LEMANS SAFARI WAGON
 110  416033055    5 16 21 18   656 305A3-1 8   4AY 15.7000 20.7499 17.6309( 5.0L)        7                        GRAND PRIX
 100  416555025   11 14 19 16   750 305A3-1 8   4AY 13.9000 18.7000 15.7152( 5.0L)        7                        EL CAMINO
 100  416580015   11 14 19 16   750 305A3-1 8   4AY 13.9000 18.7000 15.7152( 5.0L)        7                        CABALLERO
 110  4180 8005    4 13 17 15   807 350A3-1 8   4AY 13.3992 17.0585 14.8308( 5.7L)        7                        SKYLARK                         (GM-CHEV)
1010  4180 8025    8 13 17 15   807 350A3-1 8   4AY 13.3992 17.0585 14.8308( 5.7L)        7                        CENTURY WAGON                   (GM-CHEV)
 110  418012020    4 13 17 15   807 350A3-1 8   4AY 13.3992 17.0585 14.8308( 5.7L)        7                        NOVA                            (GM-CHEV)
 110  418012025    3 13 17 15   807 350A3-1 8   4AY 13.3992 17.0585 14.8308( 5.7L)        7                        CAMARO                          (GM-CHEV)
 110  418012030    5 13 17 15   807 350A3-1 8   4AY 13.3992 17.0585 14.8308( 5.7L)        7                        MALIBU                          (GM-CHEV)
1010  418012035    8 13 17 15   807 350A3-1 8   4AY 13.3992 17.0585 14.8308( 5.7L)        7                        MALIBU WAGON                    (GM-CHEV)
 110  418012040    6 13 17 15   807 350A3-1 8   4AY 13.3992 17.0585 14.8308( 5.7L)        7                        IMPALA/CAPRICE                  (GM-CHEV)
 110  418012045    9 13 16 14   807 350A3-1 8   4AY 12.7000 16.2000 14.0677( 5.7L)        7                        IMPALA/CAPRICE WAGON            (GM-CHEV)
 110  418012055    1 13 17 15   807 350A3-1 8   4AY 13.3992 17.0585 14.8308( 5.7L)        7                        CORVETTE                        (GM-CHEV)
 110  418029005    4 13 17 15   807 350A3-1 8   4AY 13.3992 17.0585 14.8308( 5.7L)        7                        OMEGA                           (GM-CHEV)
1010  418029020    8 13 17 15   807 350A3-1 8   4AY 13.3992 17.0585 14.8308( 5.7L)        7                        CUTLASS WAGON                   (GM-CHEV)
 110  418033015    4 13 17 15   807 350A3-1 8   4AY 13.3992 17.0585 14.8308( 5.7L)        7                        PHOENIX                         (GM-CHEV)
1010  418033020    3 13 17 15   807 350A3-1 8   4AY 13.3992 17.0585 14.8308( 5.7L)        7                        FIREBIRD                        (GM-CHEV)
1010  418033030    8 13 17 15   807 350A3-1 8   4AY 13.3992 17.0585 14.8308( 5.7L)        7                        LEMANS SAFARI WAGON             (GM-CHEV)
1010  418555025   11 14 19 16   750 350A3-1 8   4AY 14.2993 19.3488 16.2020( 5.7L)        7                        EL CAMINO                       (GM-CHEV)
1010  418580015   11 14 19 16   750 350A3-1 8   4AY 14.2993 19.3488 16.2020( 5.7L)        7                        CABALLERO                       (GM-CHEV)
 110  418855060   11 13 15 14   807 350A3-1 8   4AY 12.6000 15.0000 13.5776( 5.7L)        7                        C10                             (GM-CHEV)
 110  418855065   12 13 15 14   807 350A3-1 8   4AY 12.5686 14.9523 13.5399( 5.7L)        7                        G10                             (GM-CHEV)
 100  418855065   12 12 17 14   875 350M3-1 8   4MY 11.9448 17.3464 13.8914( 5.7L)        7                        G10                             (GM-CHEV)
 110  418880060   11 13 15 14   807 350A3-1 8   4AY 12.6000 15.0000 13.5776( 5.7L)        7                        C15                             (GM-CHEV)
 110  418880065   12 13 15 14   807 350A3-1 8   4AY 12.5587 14.9373 13.5281( 5.7L)        7                        G15                             (GM-CHEV)
 100  418880065   12 12 17 14   875 350M3-1 8   4MY 11.9448 17.3464 13.8914( 5.7L)        7                        G15                             (GM-CHEV)
 100  418955060   11 12 17 14   875 350M3-1 8   4CY 11.9448 17.3464 13.8914( 5.7L)        7                        C10                             (GM-CHEV)
 100  418980060   11 12 17 14   875 350M3-1 8   4CY 11.9448 17.3464 13.8914( 5.7L)        7                        C15                             (GM-CHEV)
 100  422012010    3 20 26 22   525 151A3-1 4   2AY 19.9000 25.9000 22.2159( 2.5L)        7                        MONZA                           (3WAY CAT)
 100  422012010    3 20 28 23   525 151M4-1 4   2MY 20.1000 28.5000 23.1735( 2.5L)        7                        MONZA                           (3WAY CAT)
 100  422012015    7 20 26 22   525 151A3-1 4   2AY 19.9000 25.9000 22.2159( 2.5L)        7                        MONZA WAGON                     (3WAY CAT)
 100  422012015    7 20 28 23   525 151M4-1 4   2MY 20.1000 28.5000 23.1735( 2.5L)        7                        MONZA WAGON                     (3WAY CAT)
 100  422029010    3 20 26 22   525 151A3-1 4   2AY 19.9000 25.9000 22.2159( 2.5L)        7                        STARFIRE                        (3WAY CAT)
 100  422029010    3 20 28 23   525 151M4-1 4   2MY 20.1000 28.5000 23.1735( 2.5L)        7                        STARFIRE                        (3WAY CAT)
 100  422033005    3 20 26 22   525 151A3-1 4   2AY 19.9000 25.9000 22.2159( 2.5L)        7                        SUNBIRD                         (3WAY CAT)
 100  422033005    3 20 28 23   525 151M4-1 4   2MY 20.1000 28.5000 23.1735( 2.5L)        7                        SUNBIRD                         (3WAY CAT)
 100  422033010    7 20 26 22   525 151A3-1 4   2AY 19.9000 25.9000 22.2159( 2.5L)        7                        SUNBIRD SAFARI WAGON            (3WAY CAT)
 100  422033010    7 20 28 23   525 151M4-1 4   2MY 20.1000 28.5000 23.1735( 2.5L)        7                        SUNBIRD SAFARI WAGON            (3WAY CAT)
 100  422512010    3 21 29 24   500 151A3-1 4   2AY 20.9000 29.1000 23.9351( 2.5L)        7                        MONZA                           (3WAY CAT)(CRS FLOW)
 100  422512010    3 21 32 25   500 151M4-1 4   2MY 20.7414 32.2632 24.7129( 2.5L)        7                        MONZA                           (3WAY CAT)(CRS FLOW)
 100  422529010    3 21 29 24   500 151A3-1 4   2AY 20.9000 29.1000 23.9351( 2.5L)        7                        STARFIRE                        (3WAY CAT)(CRS FLOW)
 100  422529010    3 21 32 25   500 151M4-1 4   2MY 20.7414 32.2632 24.7129( 2.5L)        7                        STARFIRE                        (3WAY CAT)(CRS FLOW)
 100  422533005    3 21 29 24   500 151A3-1 4   2AY 20.9000 29.1000 23.9351( 2.5L)        7                        SUNBIRD                         (3WAY CAT)(CRS FLOW)
 100  422533005    3 21 32 25   500 151M4-1 4   2MY 20.7414 32.2632 24.7129( 2.5L)        7                        SUNBIRD                         (3WAY CAT)(CRS FLOW)
 100  431029015    5 16 22 18   656 260A3-1 8   2AY 16.3000 21.9000 18.4195( 4.3L)        7                        CUTLASS SALON
 100  431029018    5 16 22 18   656 260A3-1 8   2AY 16.3000 21.9000 18.4195( 4.3L)        7                        CUTLASS SUPREME
 100  431529015    5 24 32 27   375 260A3-1 8  FIAN 23.6983 32.1000 26.8621( 4.3L)        9                        CUTLASS SALON                   (DIESEL)
 100  431529015    5 25 36 29   360 260M5-1 8  FIMN 25.4000 35.7000 29.1898( 4.3L)        9                        CUTLASS SALON                   (DIESEL)
 100  431529018    5 24 32 27   375 260A3-1 8  FIAN 23.6983 32.1000 26.8621( 4.3L)        9                        CUTLASS SUPREME                 (DIESEL)
 100  431529018    5 25 36 29   360 260M5-1 8  FIMN 25.4000 35.7000 29.1898( 4.3L)        9                        CUTLASS SUPREME                 (DIESEL)
 100  4325 8030    6 14 20 16   750 350A3-1 8   4AY 13.9498 19.5608 16.0174( 5.7L)        7                        LESABRE                         (GM-OLDS)
 100  4325 8035    9 14 19 16   750 350A3-1 8   4AY 13.6775 19.1858 15.7068( 5.7L)        7                        ESTATE WAGON                    (GM-OLDS)
 100  4325 8040    6 14 19 16   750 350A3-1 8   4AY 13.6775 19.1858 15.7068( 5.7L)        7                        ELECTRA                         (GM-OLDS)
 100  4325 8045    5 14 20 17   750 350A3-1 8   4AY 14.3946 20.1730 16.5247( 5.7L)        7                        RIVIERA                         (GM-OLDS)
2100  432529018    5 14 20 17   750 350A3-1 8   4AY 14.3946 20.1730 16.5247( 5.7L)        7                        CUTLASS SUPREME                 (GM-OLDS)
 100  432529025    6 14 20 17   750 350A3-1 8   4AY 14.3946 20.1730 16.5247( 5.7L)        7                        DELTA 88                        (GM-OLDS)
 100  432529030    9 14 19 16   750 350A3-1 8   4AY 13.6775 19.1858 15.7068( 5.7L)        7                        CUSTOM CRUISER WAGON            (GM-OLDS)
 100  432529035    6 14 19 16   750 350A3-1 8   4AY 13.6775 19.1858 15.7068( 5.7L)        7                        NINETY EIGHT                    (GM-OLDS)
 100  432529040    5 14 20 17   750 350A3-1 8   4AY 14.3946 20.1730 16.5247( 5.7L)        7                        TORONADO                        (GM-OLDS)
 100  432533045    6 14 19 16   750 350A3-1 8   4AY 13.7335 19.2630 15.7707( 5.7L)        7                        CATALINA/BONNEVILLE             (GM-OLDS)
 100  432533050    9 14 19 16   750 350A3-1 8   4AY 13.6775 19.1858 15.7068( 5.7L)        7                        CATALINA/BONNEVILLE SAFARI W    (GM-OLDS)
 110  433010005    4 21 29 24   428 350A3-1 8  FIAN 20.9652 28.9197 23.9267( 5.7L)        9                        SEVILLE                         (DIESEL)
 110  433010010    6 20 28 23   450 350A3-1 8  FIAN 20.1000 28.3000 23.1138( 5.7L)        9                        DEVILLE/BROUGHAM                (DIESEL)
 110  433010020    5 21 29 24   428 350A3-1 8  FIAN 20.9652 28.9197 23.9267( 5.7L)        9                        ELDORADO                        (DIESEL)
 110  433029020    8 22 29 25   410 350A3-1 8  FIAN 21.8000 29.3000 24.6380( 5.7L)        9                        CUTLASS WAGON                   (DIESEL)
 110  433029025    6 21 29 24   428 350A3-1 8  FIAN 20.9652 28.9197 23.9267( 5.7L)        9                        DELTA 88                        (DIESEL)
 100  433029030    9 20 28 23   450 350A3-1 8  FIAN 20.1000 28.3000 23.1138( 5.7L)        9                        CUSTOM CRUISER WAGON            (DIESEL)
 110  433029035    6 21 29 24   428 350A3-1 8  FIAN 20.9652 28.9197 23.9267( 5.7L)        9                        NINETY EIGHT                    (DIESEL)
 110  433029040    5 21 29 24   428 350A3-1 8  FIAN 20.9652 28.9197 23.9267( 5.7L)        9                        TORONADO                        (DIESEL)
 100  4340 8035    9 13 18 15   807 403A3-1 8   4AY 12.9000 18.3000 14.8752( 6.6L)        7                        ESTATE WAGON
 100  4340 8040    6 13 18 15   807 403A3-1 8   4AY 12.9000 18.3000 14.8752( 6.6L)        7                        ELECTRA
 100  434029030    9 13 18 15   807 403A3-1 8   4AY 12.9000 18.3000 14.8752( 6.6L)        7                        CUSTOM CRUISER WAGON
 100  434029035    6 13 18 15   807 403A3-1 8   4AY 12.9000 18.3000 14.8752( 6.6L)        7                        NINETY EIGHT
 100  434033020    3 13 17 15   807 403A3-1 8   4AY 12.9051 17.4755 14.6265( 6.6L)        7                        FIREBIRD
 100  434033050    9 13 18 15   807 403A3-1 8   4AY 12.9000 18.3000 14.8752( 6.6L)        7                        CATALINA/BONNEVILLE SAFARI W
 100  4430 8020    5 18 25 21   584 231A3-1 6   2AY 18.3000 24.7000 20.7154( 3.8L)        7                        CENTURY                         (3WAY CAT)
 100  4430 8022    5 18 25 21   584 231A3-1 6   2AY 18.3000 24.7000 20.7154( 3.8L)        7                        REGAL                           (3WAY CAT)
 100  4430 8025    8 18 25 21   584 231A3-1 6   2AY 18.3000 24.7000 20.7154( 3.8L)        7                        CENTURY WAGON                   (3WAY CAT)
 100  443012030    5 18 25 21   584 231A3-1 6   2AY 18.3000 24.7000 20.7154( 3.8L)        7                        MALIBU                          (3WAY CAT)
 100  443012035    8 18 25 21   584 231A3-1 6   2AY 18.3000 24.7000 20.7154( 3.8L)        7                        MALIBU WAGON                    (3WAY CAT)
 100  443012050    5 18 25 21   584 231A3-1 6   2AY 18.3000 24.7000 20.7154( 3.8L)        7                        MONTE CARLO                     (3WAY CAT)
 100  443029015    5 18 25 21   584 231A3-1 6   2AY 18.3000 24.7000 20.7154( 3.8L)        7                        CUTLASS SALON                   (3WAY CAT)
 100  443029018    5 18 25 21   584 231A3-1 6   2AY 18.3000 24.7000 20.7154( 3.8L)        7                        CUTLASS SUPREME                 (3WAY CAT)
 100  443029020    8 18 25 21   584 231A3-1 6   2AY 18.3000 24.7000 20.7154( 3.8L)        7                        CUTLASS WAGON                   (3WAY CAT)
 100  443033025    5 18 25 21   584 231A3-1 6   2AY 18.3000 24.7000 20.7154( 3.8L)        7                        LEMANS/GRAND AM                 (3WAY CAT)
 100  443033030    8 18 25 21   584 231A3-1 6   2AY 18.3000 24.7000 20.7154( 3.8L)        7                        LEMANS SAFARI WAGON             (3WAY CAT)
 100  443033055    5 18 25 21   584 231A3-1 6   2AY 18.3000 24.7000 20.7154( 3.8L)        7                        GRAND PRIX                      (3WAY CAT)
 100  443555025   11 18 25 21   584 231A3-1 6   2AY 18.3000 24.7000 20.7154( 3.8L)        7                        EL CAMINO                       (3WAY CAT)
 100  443580015   11 18 25 21   584 231A3-1 6   2AY 18.3000 24.7000 20.7154( 3.8L)        7                        CABALLERO                       (3WAY CAT)
 100  4440 8005    4 16 22 18   656 231A3-1 6   2AY 15.9587 21.7163 18.1207( 3.8L)        7                        SKYLARK                         (CAT)
 110  4440 8010    3 16 22 19   656 231A3-1 6   2AY 16.3000 22.4000 18.5764( 3.8L)        7                        SKYHAWK                         (CAT)
 100  4440 8010    3 14 24 17   750 231M4-1 6   2MY 14.0000 24.3000 17.2998( 3.8L)        7                        SKYHAWK                         (CAT)
 100  4440 8010    3 16 28 20   656 231M5-2 6   2MY 16.0000 27.5000 19.7088( 3.8L)        7                        SKYHAWK                         (CAT)
 110  4440 8020    5 16 22 19   656 231A3-1 6   2AY 16.3000 22.4000 18.5764( 3.8L)        7                        CENTURY                         (CAT)
 110  4440 8022    5 16 22 19   656 231A3-1 6   2AY 16.3000 22.4000 18.5764( 3.8L)        7                        REGAL                           (CAT)
 110  4440 8025    8 16 22 19   656 231A3-1 6   2AY 16.3000 22.4000 18.5764( 3.8L)        7                        CENTURY WAGON                   (CAT)
 100  4440 8030    6 16 22 18   656 231A3-1 6   2AY 15.9000 21.6000 18.0426( 3.8L)        7                        LESABRE                         (CAT)
 110  444012010    3 16 22 19   656 231A3-1 6   2AY 16.3000 22.4000 18.5764( 3.8L)        7                        MONZA                           (CAT)
 100  444012010    3 14 24 17   750 231M4-1 6   2MY 14.0000 24.3000 17.2998( 3.8L)        7                        MONZA                           (CAT)
 100  444012010    3 16 28 20   656 231M5-2 6   2MY 16.0000 27.5000 19.7088( 3.8L)        7                        MONZA                           (CAT)
 110  444012015    7 16 22 19   656 231A3-1 6   2AY 16.3000 22.4000 18.5764( 3.8L)        7                        MONZA WAGON                     (CAT)
 100  444012015    7 14 24 17   750 231M4-1 6   2MY 14.0000 24.3000 17.2998( 3.8L)        7                        MONZA WAGON                     (CAT)
 100  444012015    7 16 28 20   656 231M5-2 6   2MY 16.0000 27.5000 19.7088( 3.8L)        7                        MONZA WAGON                     (CAT)
 110  444012030    5 16 22 19   656 231A3-1 6   2AY 16.3000 22.4000 18.5764( 3.8L)        7                        MALIBU                          (CAT)
 100  444012035    8 16 22 19   656 231A3-1 6   2AY 16.3000 22.4000 18.5764( 3.8L)        7                        MALIBU WAGON                    (CAT)
 110  444012050    5 16 22 19   656 231A3-1 6   2AY 16.3000 22.4000 18.5764( 3.8L)        7                        MONTE CARLO                     (CAT)
 100  444029005    4 16 22 19   656 231A3-1 6   2AY 16.3000 22.4000 18.5764( 3.8L)        7                        OMEGA                           (CAT)
 110  444029010    3 16 22 19   656 231A3-1 6   2AY 16.3000 22.4000 18.5764( 3.8L)        7                        STARFIRE                        (CAT)
 100  444029010    3 14 24 17   750 231M4-1 6   2MY 14.0000 24.3000 17.2998( 3.8L)        7                        STARFIRE                        (CAT)
 100  444029010    3 16 28 20   656 231M5-2 6   2MY 16.0000 27.5000 19.7088( 3.8L)        7                        STARFIRE                        (CAT)
 110  444029015    5 16 22 19   656 231A3-1 6   2AY 16.3000 22.4000 18.5764( 3.8L)        7                        CUTLASS SALON                   (CAT)
 110  444029018    5 16 22 19   656 231A3-1 6   2AY 16.3000 22.4000 18.5764( 3.8L)        7                        CUTLASS SUPREME                 (CAT)
 110  444029020    8 16 22 19   656 231A3-1 6   2AY 16.3000 22.4000 18.5764( 3.8L)        7                        CUTLASS WAGON                   (CAT)
 100  444029025    6 16 22 18   656 231A3-1 6   2AY 15.9000 21.6000 18.0426( 3.8L)        7                        DELTA 88                        (CAT)
 110  444033005    3 16 22 19   656 231A3-1 6   2AY 16.3000 22.4000 18.5764( 3.8L)        7                        SUNBIRD                         (CAT)
 100  444033005    3 14 24 17   750 231M4-1 6   2MY 14.0000 24.3000 17.2998( 3.8L)        7                        SUNBIRD                         (CAT)
 100  444033005    3 16 28 20   656 231M5-2 6   2MY 16.0000 27.5000 19.7088( 3.8L)        7                        SUNBIRD                         (CAT)
 110  444033010    7 16 22 19   656 231A3-1 6   2AY 16.3000 22.4000 18.5764( 3.8L)        7                        SUNBIRD SAFARI WAGON            (CAT)
 100  444033010    7 14 24 17   750 231M4-1 6   2MY 14.0000 24.3000 17.2998( 3.8L)        7                        SUNBIRD SAFARI WAGON            (CAT)
 100  444033010    7 16 28 20   656 231M5-2 6   2MY 16.0000 27.5000 19.7088( 3.8L)        7                        SUNBIRD SAFARI WAGON            (CAT)
 100  444033015    4 16 22 18   656 231A3-1 6   2AY 15.9584 21.7156 18.1202( 3.8L)        7                        PHOENIX                         (CAT)
 100  444033020    3 16 22 18   656 231A3-1 6   2AY 15.9000 21.6000 18.0426( 3.8L)        7                        FIREBIRD                        (CAT)
 100  444033025    5 16 22 19   656 231A3-1 6   2AY 16.3000 22.4000 18.5764( 3.8L)        7                        LEMANS/GRAND AM                 (CAT)
 100  444033030    8 16 22 19   656 231A3-1 6   2AY 16.3000 22.4000 18.5764( 3.8L)        7                        LEMANS SAFARI WAGON             (CAT)
 100  444033045    6 16 22 18   656 231A3-1 6   2AY 15.9000 21.6000 18.0426( 3.8L)        7                        CATALINA/BONNEVILLE             (CAT)
 100  444033055    5 16 22 19   656 231A3-1 6   2AY 16.3000 22.4000 18.5764( 3.8L)        7                        GRAND PRIX                      (CAT)
 100  444555025   11 17 22 19   617 231A3-1 6   2AY 16.6000 21.9000 18.6287( 3.8L)        7                        EL CAMINO                       (CAT)
 100  444580015   11 17 22 19   617 231A3-1 6   2AY 16.6000 21.9000 18.6287( 3.8L)        7                        CABALLERO                       (CAT)
 100  4460 8020    5 16 22 18   656 231A3-1 6   4AY 15.9938 21.9863 18.2297( 3.8L)        7                        CENTURY                         (TURBO)
 100  4460 8022    5 16 22 18   656 231A3-1 6   4AY 15.9938 21.9863 18.2297( 3.8L)        7                        REGAL                           (TURBO)
 100  4460 8030    6 15 20 17   700 231A3-1 6   4AY 14.7706 19.9145 16.7132( 3.8L)        7                        LESABRE                         (TURBO)
 100  4460 8045    5 15 20 17   700 231A3-1 6   4AY 14.7706 19.9145 16.7132( 3.8L)        7                        RIVIERA                         (TURBO)
 100  461010020    5 13 20 15   807 350A3-1 8  FIAY 12.7000 20.3000 15.2731( 5.7L)        7                        ELDORADO                        (GM-CAD)  (CAT)
 100  461510005    4 13 20 16   807 350A3-1 8  FIAY 13.2023 20.2265 15.6477( 5.7L)        7                        SEVILLE                         (GM-CAD)  (3WAY CAT)
 110  463010010    6 13 19 15   807 425A3-1 8   4AY 12.7226 19.3775 15.0483( 7.0L)        7                        DEVILLE/BROUGHAM
 100  463010015    6 10 13 11  1050 425A3-1 8   4AY 10.0753 13.4583 11.3604( 7.0L)        7                        LIMOUSINE
 100  463353005   13 10 12 11  1050 425A3-1 8   4AY  9.8000 12.2000 10.7518( 7.0L)        7                        COMMERCIAL CHASSIS
 100  464010010    6 12 18 14   875 425A3-1 8  FIAY 11.5859 17.6716 13.7106( 7.0L)        7                        DEVILLE/BROUGHAM
 000  7001 4005    3 11 18 13   954 326A3-1 8   8AY 10.6000 18.2000 13.0528               7                        ASTON MARTIN V8
 000  7001 4005    3  8 12  9  1312 326M5-2 8   8MY  7.6000 12.4000  9.2031               7                        ASTON MARTIN V8
 001  9005 1005    3 19 25 21   552 120A3-1 4  FIAY 19.3000 24.8000 21.4396(1972CC)       7                        SPORT SEDAN
 001  9005 1005    3 18 25 20   584 120M5-2 4  FIMY 17.7184 24.8129 20.3347(1972CC)       7                        SPORT SEDAN
 001  9005 1007    3 18 25 20   584 120M5-2 4  FIMY 17.7184 24.8129 20.3347(1972CC)       7                        SPRINT VELOCE
 001  9005 1010    1 18 26 21   584 120M5-2 4  FIMY 17.6000 26.1000 20.6222(1972CC)       7                        SPIDER 2000 VELOCE
 100 10020 6505    2 12 18 14   875 350A3-1 8   4AY 12.4000 18.2000 14.4759               7                        AVANTI II
 001 1100128515    1 16 27 20   656 110M4-1 4   1MY 16.4000 27.0000 19.9190               7                        MGB
 001 1100228515    1 16 28 20   656 110M4-3 4   1MY 16.4000 27.5000 20.0400               7                        MGB
 001 12001 7005    3 18 27 21   584 121A3-1 4  FIAN 18.4000 26.9000 21.4501(1990CC)       1                        320 I
 001 12001 7005    3 18 27 21   584 121M4-1 4  FIMN 17.6000 26.9000 20.8426(1990CC)       1                        320 I
 001 12003 7010    4 17 24 20   617 170A3-1 6  FIAY 17.2000 23.9000 19.6830(2788CC)       7                        528 I                           (3WAY CAT)
 001 12003 7010    4 17 26 20   617 170M4-1 6  FIMY 17.4000 25.6000 20.3304(2788CC)       7                        528 I                           (3WAY CAT)
 001 12004 7015    3 12 17 14   875 196A3-1 6  FIAN 12.0000 17.3000 13.9189(3210CC)       1                        633 CSI
 001 12004 7015    3 12 19 14   875 196M4-1 6  FIMN 11.9000 19.4872 14.4278(3210CC)       1                        633 CSI
 001 12004 7020    4 12 17 14   875 196A3-1 6  FIAN 12.0000 17.3000 13.9189(3210CC)       1                        733 I
 001 12004 7020    4 12 19 14   875 196M4-1 6  FIMN 11.9000 19.4872 14.4278(3210CC)       1                        733 I
 100 1403011005    5 16 18 17   656 250A3-1 6   1AY 15.7000 18.4978 16.8466               7                        MARATHON/TAXICAB
 100 1405011005    5 12 15 13   875 350A3-1 8   4AY 12.2000 15.0000 13.3188               7                        MARATHON/TAXICAB                (GM-CHEV)
 100 1406011005    5 20 26 22   450 350A3-1 8  FIAN 20.2000 26.0000 22.4540               9                        MARATHON/TAXICAB                (DIESEL)
 001 2000128005    4 27 31 29   333 147A4-1 4  FIAN 26.5653 31.4328 28.5551( 2.4L)        9                        240D/280E/280CE/300D/300CD      (DIESEL)
 001 2000128005    4 30 34 32   300 147M4-1 4  FIMN 29.8729 33.9988 31.5985( 2.4L)        9                        240D/280E/280CE/300D/300CD      (DIESEL)
 001 2000228005    4 23 28 25   392 183A4-1 5  FIAN 22.6000 27.7000 24.6416( 3.0L)        9                        240D/280E/280CE/300D/300CD      (DIESEL)
 001 2000228010    8 23 28 25   392 183A4-1 5  FIAN 22.6000 27.7000 24.6416( 3.0L)        9                        300TD                           (DIESEL)
 001 2000328015    4 24 29 26   375 183A4-1 5  FIAN 24.0000 29.1000 26.0548( 3.0L)        9                        280SE/300SD                     (DIESEL)  (TURBO)
 001 2000528005    4 15 19 16   700 168A4-1 6  FIAY 14.7372 19.1720 16.4495( 2.8L)        7                        240D/280E/280CE/300D/300CD
 001 2000528015    4 15 19 16   700 168A4-1 6  FIAY 14.7372 19.1720 16.4495( 2.8L)        7                        280SE/300SD
 001 2000728030    5 12 17 13   875 276A3-1 8  FIAY 11.5000 17.0000 13.4596( 4.5L)        7                        450SEL
 001 2000728040    1 12 18 14   875 276A3-1 8  FIAY 11.8966 17.8499 13.9974( 4.5L)        7                        450SL
 001 2000728045    3 12 18 14   875 276A3-1 8  FIAY 11.8966 17.8499 13.9974( 4.5L)        7                        450SLC
 001 2000928035    5 10 15 12  1050 417A3-1 8  FIAY 10.4000 14.7000 11.9765( 6.9L)        7                        6.9
 001 2200217005    1 11 18 13   954 179M5-2 8   8MY 10.7498 18.2000 13.1771               7                        FERRARI 308
 100 2300518005    3 21 30 25   500  79M4-1 4   2MY 21.4000 29.8000 24.5088(1300CC)       7                        128
 100 2301518015    3 20 24 21   525 122A3-1 4   2AY 19.5396 24.1020 21.3590(2000CC)       7                        131 BRAVA
 100 2301518015    3 20 30 24   525 122M5-2 4   2MY 20.4942 30.2648 23.9776(2000CC)       7                        131 BRAVA
 100 2301518020    7 20 24 21   525 122A3-1 4   2AY 19.5396 24.1020 21.3590(2000CC)       7                        131 BRAVA WAGON
 100 2301518020    7 20 30 24   525 122M5-2 4   2MY 20.4942 30.2648 23.9776(2000CC)       7                        131 BRAVA WAGON
 100 2301518025    1 20 24 21   525 122A3-1 4   2AY 19.5396 24.1020 21.3590(2000CC)       7                        124 SPIDER
 100 2301518025    1 22 30 25   478 122M5-2 4   2MY 21.5000 30.4000 24.7623(2000CC)       7                        124 SPIDER
 100 2301518030    3 18 23 20   584 122A3-1 4   2AY 18.2360 22.7740 20.0323(2000CC)       7                        LANCIA BETA
 100 2301518030    3 19 29 22   552 122M5-2 4   2MY 18.8732 28.5546 22.2712(2000CC)       7                        LANCIA BETA
 100 2302518040    1 24 36 28   438  91M5-2 4   2MY 24.2000 35.7000 28.3027(1500CC)       7                        X1/9
 100 2302518045    4 26 37 30   404  91M5-2 4   2MY 26.0000 36.6000 29.8963(1500CC)       7                        138 STRADA
 100 2303518045    4 23 30 25   457  91A3-1 4   2AY 22.8000 29.7000 25.4619(1500CC)       7                        138 STRADA
 110 2602021020    3 23 34 27   457 107M5-2 4   3MN 23.1133 34.2471 27.0741(1800CC)      17                        ACCORD                          (CVCC)
 110 2602021020    3 21 28 24   500 107S2-2 4   3SN 21.3638 27.7039 23.8165(1800CC)      17                        ACCORD                          (CVCC)
 110 2603021025    2 23 34 27   457 107M5-2 4   3MN 23.1104 34.2540 27.0738(1800CC)      17                        PRELUDE                         (CVCC)
 110 2604021025    2 21 28 24   500 107S2-2 4   3SN 21.3513 27.6417 23.7873(1800CC)      17                        PRELUDE                         (CVCC)
 110 2605321005    2 28 38 32   375  91M4-2 4   3MN 28.5000 38.4000 32.2404(1500CC)      17                        CIVIC                           (CVCC)
 110 2605321005    2 28 41 33   375  91M5-2 4   3MN 28.5000 40.9000 33.0025(1500CC)      17                        CIVIC                           (CVCC)
 110 2605321005    2 26 31 28   404  91S2-2 4   3SN 25.7000 31.0000 27.8420(1500CC)      17                        CIVIC                           (CVCC)
 100 2605321015    7 26 36 30   404  91M4-2 4   3MN 26.2000 36.2000 29.9192(1500CC)      17                        CIVIC CVCC WAGON                (CVCC)
 110 2605321015    7 24 29 26   438  91S2-2 4   3SN 24.1000 29.3000 26.1918(1500CC)      17                        CIVIC CVCC WAGON                (CVCC)
 001 29002 8015    3 23 30 26   457 111A3-1 4   2AY 23.0000 30.0000 25.6983( 1.8L)        6                        OPEL
 001 29002 8015    3 24 36 28   438 111M4-1 4   2MY 24.0000 35.7000 28.1518( 1.8L)        6                        OPEL
 001 29002 8015    3 24 38 29   438 111M5-2 4   2MY 24.4687 38.0189 29.1427( 1.8L)        6                        OPEL
 100 2905255005   10 20 26 23   525 111A3-1 4   2AY 20.1439 26.4476 22.5641( 1.8L)        7                        LUV PICKUP
 100 2905255005   10 21 31 25   500 111M4-1 4   2MY 21.4606 30.7843 24.8470( 1.8L)        7                        LUV PICKUP
 100 2905255010   13 21 29 24   500 111M4-1 4   2MY 20.6894 29.0675 23.7728( 1.8L)        7                        LUV CAB CHASSIS
 100 2905455010   13 20 25 22   525 111A3-1 4   2AY 19.5210 25.4849 21.8187( 1.8L)        7                        LUV CAB CHASSIS
 100 3000122005    4  9 13 10  1167 326A3-112  FIAY  9.0000 12.5929 10.3257( 5.3L)        7                        XJ
 100 3000122010    3  9 13 10  1167 326A3-112  FIAY  9.0000 12.5929 10.3257( 5.3L)        7                        XJS
 100 3000322005    4 14 20 16   750 258A3-1 6  FIAY 13.8000 20.0000 16.0372( 4.2L)        7                        XJ                              (3WAY CAT)
 001 3602526020    4  7 12  9     0 301A3-1 8   8LY  7.2000 12.0000  8.7805               7                        QUATTROPORTE
 001 3800215005    3 26 31 28   404  85A3-1 4   2AY 25.5751 31.0930 27.7948               7                        210
 001 3800215005    3 28 39 32   375  85M4-1 4   2MY 28.3427 38.9547 32.3026               7                        210
 001 3800215005    3 27 41 32   388  85M5-2 4   2MY 27.4422 40.9750 32.2327               7                        210
 001 3800215007    7 28 39 32   375  85M4-1 4   2MY 28.3427 38.9547 32.3026               7                        210 WAGON
 001 3800215007    7 26 37 30   404  85M5-2 4   2MY 26.3491 37.2989 30.3598               7                        210 WAGON
 001 3800415030    3 18 23 20   584 146A3-1 6  FIAY 17.6420 22.8326 19.6524               6                        810
 001 3800415030    3 18 27 21   584 146M4-1 6  FIMY 17.8655 26.5424 20.9470               6                        810
 001 3800415030    3 18 29 22   584 146M5-2 6  FIMY 18.5000 29.2859 22.1752               6                        810
 001 3800415035    7 18 23 20   584 146A3-1 6  FIAY 17.6420 22.8326 19.6524               6                        810 WAGON
 001 3800415035    7 18 27 21   584 146M4-1 6  FIMY 17.8655 26.5424 20.9470               6                        810 WAGON
 001 3800715040    1 16 21 18   656 168A3-1 6  FIAY 16.0000 21.2000 17.9852               6                        280ZX
 001 3800715040    1 17 27 20   617 168M4-1 6  FIMY 17.0000 27.0000 20.4000               6                        280ZX
 001 3800715040    1 17 27 21   617 168M5-2 6  FIMY 17.1257 27.2807 20.5716               6                        280ZX
 001 3800715042    3 16 21 18   656 168A3-1 6  FIAY 16.0000 21.2000 17.9852               6                        280ZX 2+2
 001 3800715042    3 17 27 21   617 168M5-2 6  FIMY 17.1257 27.2807 20.5716               6                        280ZX 2+2
 001 3800915020    3 22 27 24   478 119A3-1 4   2AY 21.9347 27.0159 23.9628               7                        510
 001 3800915020    3 24 33 27   438 119M4-1 4   2MY 23.8959 33.2123 27.3481               7                        510
 001 3800915020    3 23 33 26   457 119M5-2 4   2MY 22.5028 32.8622 26.2226               7                        510
 001 3800915025    7 22 27 24   478 119A3-1 4   2AY 21.9347 27.0159 23.9628               7                        510 WAGON
 001 3800915025    7 24 33 27   438 119M4-1 4   2MY 23.5575 32.8645 26.9980               7                        510 WAGON
 001 3800915025    7 22 33 26   478 119M5-2 4   2MY 22.3147 32.6782 26.0294               7                        510 WAGON
 001 3800915045    2 22 27 24   478 119A3-1 4   2AY 21.9347 27.0159 23.9628               7                        200 SX
 001 3800915045    2 22 33 26   478 119M5-2 4   2MY 22.3147 32.6782 26.0294               7                        200 SX
 001 3801015007    7 23 29 26   457  91A3-1 4   2AY 23.4000 29.0876 25.6576               7                        210 WAGON
 001 3801315010    3 28 39 32   375  85M4-1 4   2MY 28.0631 38.7585 32.0419               7                        310
 001 3801315010    3 27 40 31   388  85M5-1 4   2MY 26.6259 39.6877 31.2548               7                        310
 001 3809260005   10 20 23 21   525 119A3-1 4   2AY 19.5499 23.0000 20.9651               7                        PICKUP
 001 3809260005   10 21 28 24   500 119M4-1 4   2MY 21.1981 27.5996 23.6685               7                        PICKUP
 001 3809260005   10 20 28 23   525 119M5-2 4   2MY 20.4469 27.7492 23.1934               7                        PICKUP
 001 3809260010   13 15 18 16   700 119M4-1 4   2MY 14.5498 18.3000 16.0279               7                        DATSUN CAB CHASSIS
 000 4051530505    0 16 28 20   656 139M4-1 4   2MY 16.1000 27.9000 19.8845               7                        LIMA
 001 4100131005    4 26 31 28   346 141A3-1 4  FIAN 26.2462 30.9591 28.1763               9                        504                             (DIESEL)
 001 4100131005    4 28 34 30   321 141M4-1 4  FIMN 27.5966 34.0323 30.1634               9                        504                             (DIESEL)
 001 4100131010    8 26 31 28   346 141A3-1 4  FIAN 26.2462 30.9591 28.1763               9                        504 WAGON                       (DIESEL)
 001 4100131010    8 28 34 30   321 141M4-1 4  FIMN 27.5966 34.0323 30.1634               9                        504 WAGON                       (DIESEL)
 001 4100231005    4 17 21 19   617 120A3-1 4   2AY 16.8296 21.2379 18.5636               7                        504
 001 4100231005    4 17 25 20   617 120M4-1 4   2MY 17.4825 24.7212 20.1357               7                        504
 001 4100231010    8 17 21 19   617 120A3-1 4   2AY 16.8296 21.2379 18.5636               7                        504 WAGON
 001 4100231010    8 17 25 20   617 120M4-1 4   2MY 17.4825 24.7212 20.1357               7                        504 WAGON
 001 4100731025    4 14 18 15   750 174A3-1 6   3AY 13.5000 17.6994 15.1137               7                        604
 001 4100731025    4 12 19 15   875 174M5-2 6   3MY 12.5000 19.1000 14.8016               7                        604
 001 4201534025    1 18 25 20   584 121A3-1 4  FIAY 17.6000 24.9000 20.2748               7                        924
 001 4201534025    1 17 29 21   617 121M5-2 4  FIMY 16.6000 29.3492 20.6334               7                        924
 001 4202534010    1 15 23 18   700 183M5-2 6  FIMY 14.8000 23.4000 17.7327               7                        911
 001 4203034035    1 12 21 15   875 201M4-2 6  FIMN 12.2400 21.4926 15.1809              17                        930                             (TURBO)
 001 4205034030    2 12 17 14   875 273A3-1 8  FIAY 12.0000 16.8000 13.7705               7                        928
 001 4205034030    2 11 18 13   954 273M5-1 8  FIMY 10.9000 18.1000 13.2766               7                        928
 001 4300335010    2 18 35 23   584 101M5-2 4  FIMY 18.2499 34.5974 23.1782               7                        17 GORDINI
 001 4300435005    2 24 38 29   438  79M4-1 4   2MY 23.9000 37.6000 28.5872               7                        LE CAR
 100 4400236015    4  9 12 10  1167 412A3-1 8   2AY  8.9715 11.5462  9.9722               7                        CAMARGUE
 100 4400236035    3  9 12 10  1167 412A3-1 8   2AY  8.9715 11.5462  9.9722               7                        ROLLS-ROYCE/BENTLEY
 001 4701037010    5 19 26 22   552 121M4-1 4  FIMY 18.9908 26.0073 21.6150( 2.0L)        7                        900                             (3WAY CAT)(TURBO)
 001 4703037005    4 21 28 24   500 121M4-1 4  FIMY 20.7741 28.3492 23.6135( 2.0L)        7                        99                              (3WAY CAT)
 001 4703037010    5 20 25 22   525 121A3-1 4  FIAY 19.6000 25.3000 21.8113( 2.0L)        7                        900                             (3WAY CAT)
 001 4703037010    5 21 28 24   500 121M4-1 4  FIMY 20.7741 28.3492 23.6135( 2.0L)        7                        900                             (3WAY CAT)
 001 4900216015    3 27 36 30   388  98M5-2 4   2MY 26.8000 35.6000 30.1542               7                        CHALLENGER
 001 4900216020    7 26 36 30   404  98M4-1 4   2MY 26.4000 36.3000 30.0933               7                        COLT WAGON
 001 4900216025    2 26 33 29   404  98A3-1 4   2AY 25.6000 33.3000 28.5732               7                        COLT
 001 4900216025    2 28 39 32   375  98M4-1 4   2MY 28.4756 39.2831 32.4990               7                        COLT
 001 4900232015    2 26 33 29   404  98A3-1 4   2AY 25.6000 33.3000 28.5732               7                        ARROW
 001 4900232015    2 27 38 31   388  98M4-1 4   2MY 27.3454 38.1495 31.3393               7                        ARROW
 001 4900232040    3 27 36 30   388  98M5-2 4   2MY 26.8000 35.6000 30.1542               7                        SAPPORO
 001 4900416015    3 21 28 24   500 156A3-1 4   2AY 21.2275 27.7327 23.7326               7                        CHALLENGER
 001 4900416015    3 21 34 26   500 156M5-2 4   2MY 21.4000 33.8000 25.6315               7                        CHALLENGER
 001 4900416020    7 21 28 24   500 156A3-1 4   2AY 21.2275 27.7327 23.7326               7                        COLT WAGON
 001 4900416020    7 21 34 26   500 156M5-2 4   2MY 21.4000 33.8000 25.6315               7                        COLT WAGON
 001 4900432015    2 21 28 24   500 156A3-1 4   2AY 21.3000 27.5000 23.7050               7                        ARROW
 001 4900432015    2 22 35 26   478 156M5-2 4   2MY 21.8000 34.9000 26.2306               7                        ARROW
 001 4900432040    3 21 28 24   500 156A3-1 4   2AY 21.2275 27.7327 23.7326               7                        SAPPORO
 001 4900432040    3 21 34 26   500 156M5-2 4   2MY 21.4000 33.8000 25.6315               7                        SAPPORO
 001 4900665020   10 20 24 22   525 122A3-1 4   2AY 20.0000 24.4000 21.7663               7                        D50 PICKUP
 001 4900665020   10 20 29 24   525 122M4-1 4   2MY 20.5000 28.9000 23.5848               7                        D50 PICKUP
 001 4900665020   10 20 25 22   525 156A3-1 4   2AY 20.5000 25.2000 22.3782               7                        D50 PICKUP
 001 4900665020   10 20 29 23   525 156M5-1 4   2MY 19.8000 28.8000 23.0400               7                        D50 PICKUP
 001 4900691020   10 20 24 22   525 122A3-1 4   2AY 20.0000 24.4000 21.7663               7                        ARROW PICKUP
 001 4900691020   10 20 29 24   525 122M4-1 4   2MY 20.5000 28.9000 23.5848               7                        ARROW PICKUP
 001 4900691020   10 20 25 22   525 156A3-1 4   2AY 20.5000 25.2000 22.3782               7                        ARROW PICKUP
 001 4900691020   10 20 29 23   525 156M5-1 4   2MY 19.8000 28.8000 23.0400               7                        ARROW PICKUP
 001 4900916027    3 32 43 36   328  86D4-2 4   2DY 31.8204 43.3009 36.1312               7                        COLT HATCHBACK
 001 4900916027    3 32 42 36   328  86M4-1 4   2MY 32.3000 41.6000 35.9129               7                        COLT HATCHBACK
 001 4900932050    3 32 43 36   328  86D4-2 4   2DY 31.8204 43.3009 36.1312               7                        CHAMP
 001 4900932050    3 32 42 36   328  86M4-1 4   2MY 32.3000 41.6000 35.9129               7                        CHAMP
 001 4901016027    3 30 42 34   350  98D4-2 4   2DY 29.8920 41.7591 34.2751               7                        COLT HATCHBACK
 001 4901032050    3 30 42 34   350  98D4-2 4   2DY 29.8920 41.7591 34.2751               7                        CHAMP
 001 4901432015    2 26 37 30   404  98M5-2 4   2MY 26.4000 36.8000 30.2466               7                        ARROW
 000 5300128505    1 22 34 26   478  91M4-1 4   1MY 22.2000 34.1000 26.3357(1500CC)       7                        MIDGET
 000 5300140015    1 22 34 26   478  91M4-1 4   1MY 22.2000 34.1000 26.3357(1500CC)       7                        SPITFIRE
 001 5300240015    1 22 35 26   478  91M4-3 4   1MY 21.8000 34.9000 26.2306(1500CC)       7                        SPITFIRE
 001 5300540010    1 18 28 21   584 122M5-2 4   2MY 17.7000 27.6000 21.1069(1998CC)       7                        TR
 100 5300740010    1 14 20 17   750 215A3-1 8   2AY 14.3993 20.5000 16.6258(3500CC)       7                        TR
 100 5300740010    1 14 23 17   750 215M5-2 8   2MY 14.1425 22.9183 17.0868(3500CC)       7                        TR
 001 5600127040    1 16 23 19   656  70A3-1 2   4AN 16.0000 23.0499 18.5536(35X2)         7                        RX-7                            (ROTARY)
 001 5600127040    1 16 27 20   656  70M4-1 2   4MN 16.0963 26.6435 19.5851(35X2)         7                        RX-7                            (ROTARY)
 001 5600127040    1 16 29 20   656  70M5-2 2   4MN 15.9975 28.9914 20.0392(35X2)         7                        RX-7                            (ROTARY)
 001 5600427020    3 27 32 29   388  86A3-1 4   2AY 26.7000 32.2000 28.9231               7                        GLC
 001 5600427020    3 30 40 34   350  86M4-1 4   2MY 29.9000 40.3000 33.8285               7                        GLC
 001 5600427020    3 30 42 35   350  86M5-2 4   2MY 30.2000 41.8000 34.5096               7                        GLC
 001 5600427026    7 26 32 29   404  86A3-1 4   2AY 26.2000 32.2850 28.6281               7                        GLC WAGON
 001 5600427026    7 28 38 32   375  86M4-1 4   2MY 28.1499 37.5989 31.7393               7                        GLC WAGON
 001 5600427026    7 29 41 33   362  86M5-2 4   2MY 29.1000 40.6000 33.3510               7                        GLC WAGON
 100 5601527010    3 25 29 27   420 120A3-1 4   2AY 25.1499 28.6499 26.6129(2000CC)       7                        626
 100 5601527010    3 25 32 27   420 120M4-1 4   2MY 24.7000 31.8000 27.4588(2000CC)       7                        626
 100 5601527010    3 25 34 28   420 120M5-2 4   2MY 24.8000 33.6000 28.1134(2000CC)       7                        626
 001 5608570005   10 26 34 29   404 120M4-1 4   2MY 25.5000 34.3000 28.8283( 2.0L)        7                        COURIER PICKUP
 001 5608570005   10 26 36 30   404 120M5-2 4   2MY 25.9000 36.1000 29.6728( 2.0L)        7                        COURIER PICKUP
 001 5608588005   10 26 34 29   404 120M4-1 4   2MY 25.5000 34.3000 28.8283               7                        B2000 PICKUP
 001 5608588005   10 26 36 30   404 120M5-2 4   2MY 25.9000 36.1000 29.6728               7                        B2000 PICKUP
 001 5609570005   10 20 25 22   525 140A3-1 4   2AY 19.8000 25.4000 21.9808( 2.3L)        7                        COURIER PICKUP
 001 5609570005   10 20 28 23   525 140M4-1 4   2MY 19.5000 27.9000 22.5560( 2.3L)        7                        COURIER PICKUP
 001 5609570005   10 20 29 24   525 140M5-2 4   2MY 20.4000 28.9000 23.5119( 2.3L)        7                        COURIER PICKUP
 001 5609570007   13 17 21 18   617 140M4-1 4   2MY 16.6000 21.1000 18.3623( 2.3L)        7                        COURIER CAB CHASSIS
 100 5700339005    3 23 27 25   457  97A3-1 4   2AY 22.8742 27.4950 24.7456( 1.6L)        7                        COROLLA
 100 5700339005    3 22 32 26   478  97M4-1 4   2MY 21.8000 32.5000 25.5915( 1.6L)        7                        COROLLA
 100 5700339005    3 21 33 25   500  97M5-2 4   2MY 21.2674 32.8843 25.2873( 1.6L)        7                        COROLLA
 100 5700339010    7 23 27 25   457  97A3-1 4   2AY 22.8742 27.4950 24.7456( 1.6L)        7                        COROLLA WAGON
 100 5700339010    7 22 32 26   478  97M4-1 4   2MY 21.8000 32.5000 25.5915( 1.6L)        7                        COROLLA WAGON
 100 5700339010    7 21 33 25   500  97M5-2 4   2MY 21.2674 32.8843 25.2873( 1.6L)        7                        COROLLA WAGON
 100 5700539015    3 17 22 19   617 134A3-1 4   2AY 17.1186 22.3745 19.1421( 2.2L)        7                        CORONA
 100 5700539015    3 17 25 20   617 134M4-1 4   2MY 17.1000 24.9000 19.9060( 2.2L)        7                        CORONA
 100 5700539015    3 18 26 21   584 134M5-2 4   2MY 17.5966 25.8164 20.5394( 2.2L)        7                        CORONA
 100 5700539020    7 17 22 19   617 134A3-1 4   2AY 17.1186 22.3745 19.1421( 2.2L)        7                        CORONA WAGON
 100 5700539020    7 17 25 20   617 134M4-1 4   2MY 17.1000 24.9000 19.9060( 2.2L)        7                        CORONA WAGON
 100 5700539020    7 18 26 21   584 134M5-2 4   2MY 17.5966 25.8164 20.5394( 2.2L)        7                        CORONA WAGON
 100 5700539025    3 17 22 19   617 134A3-1 4   2AY 17.1186 22.3745 19.1421( 2.2L)        7                        CELICA
 100 5700539025    3 17 25 20   617 134M4-1 4   2MY 17.1000 24.9000 19.9060( 2.2L)        7                        CELICA
 100 5700539025    3 18 26 21   584 134M5-2 4   2MY 17.5966 25.8164 20.5394( 2.2L)        7                        CELICA
 100 5700739030    3 17 23 20   617 156A4-2 6   2AY 17.3000 23.4000 19.5991( 2.6L)        7                        CRESSIDA
 100 5700739035    7 17 23 20   617 156A4-2 6   2AY 17.3000 23.4000 19.5991( 2.6L)        7                        CRESSIDA WAGON
 100 5700994005   10 17 21 18   617 134A3-1 4   2AY 16.7000 20.9000 18.3603( 2.2L)        7                        PICKUP
 100 5700994005   10 17 24 19   617 134M4-1 4   2MY 16.6000 24.0000 19.2743( 2.2L)        7                        PICKUP
 100 5700994005   10 18 26 20   584 134M5-2 4   2MY 17.5000 25.6000 20.4054( 2.2L)        7                        PICKUP
 100 5701039028    3 19 26 22   552 156A4-2 6  FIAY 18.9000 26.0000 21.5479( 2.6L)        7                        SUPRA                           (3WAY CAT)
 100 5701039028    3 19 28 22   552 156M5-2 6  FIMY 19.3000 28.1000 22.4660( 2.6L)        7                        SUPRA                           (3WAY CAT)
 100 5701294015   13 12 16 13   875 258M4-1 6   2MY 11.8000 16.0000 13.3806( 4.2L)        7                        LAND CRUISER
 100 5701294020   13 12 16 13   875 258M4-1 6   2MY 11.5000 16.0000 13.1664( 4.2L)        7                        LAND CRUISER WAGON
2001 5701394005   10 16 21 18   656 134M4-1 4   2MY 15.5975 21.0667 17.6607( 2.2L)        7                        PICKUP
 001 5901542005    2 22 34 26   478  97M4-2 4  FIMY 22.1000 33.7000 26.1506               7                        BEETLE CONVERTIBLE
 001 5902042010    3 40 50 44   225  90M4-2 4  FIMN 39.7000 49.7000 43.6524               9                        RABBIT                          (DIESEL)
 001 5902042010    3 41 55 46   220  90M5-2 4  FIMN 40.8000 54.6000 46.0360               9                        RABBIT                          (DIESEL)
 001 5902042020    3 36 46 40   250  90M4-2 4  FIMN 36.3000 46.3435 40.2226               9                        DASHER                          (DIESEL)
 001 5902042030    7 36 46 40   250  90M4-2 4  FIMN 36.3000 46.3435 40.2226               9                        DASHER WAGON                    (DIESEL)
 001 59035 5005    3 22 30 25   478  97A3-1 4  FIAY 22.1000 29.9000 25.0394               7                        FOX
 001 59035 5005    3 22 35 27   478  97M4-2 4  FIMY 22.2000 35.2000 26.6249               7                        FOX
 001 59035 5010    7 22 30 25   478  97A3-1 4  FIAY 22.1000 29.9000 25.0394               7                        FOX WAGON
 001 59035 5010    7 22 35 27   478  97M4-2 4  FIMY 22.2000 35.2000 26.6249               7                        FOX WAGON
 001 5903542010    3 23 32 27   457  89A3-1 4  FIAY 23.2000 32.2000 26.5378               7                        RABBIT
 001 5903542010    3 24 36 28   438  89M4-2 4  FIMY 24.0000 36.3000 28.3179               7                        RABBIT
 001 5903542010    3 24 42 30   438  89M5-2 4  FIMY 23.9000 41.5000 29.5369               7                        RABBIT
 001 5903542020    3 22 30 25   478  97A3-1 4  FIAY 22.1000 29.9000 25.0394               7                        DASHER
 001 5903542020    3 22 35 27   478  97M4-2 4  FIMY 22.2000 35.2000 26.6249               7                        DASHER
 001 5903542030    7 22 30 25   478  97A3-1 4  FIAY 22.1000 29.9000 25.0394               7                        DASHER WAGON
 001 5903542030    7 22 35 27   478  97M4-2 4  FIMY 22.2000 35.2000 26.6249               7                        DASHER WAGON
 001 5903542040    3 22 31 25   478  97A3-1 4  FIAY 22.1000 31.1000 25.4089               7                        SCIROCCO
 001 5903542040    3 24 36 28   438  97M4-2 4  FIMY 24.1000 36.5000 28.4492               7                        SCIROCCO
 001 5903542040    3 25 41 30   420  97M5-2 4  FIMY 24.6000 41.2998 30.0719               7                        SCIROCCO
 001 5909597005   12 16 20 17   656 120A3-1 4  FIAY 15.7000 20.2956 17.4813               7                        BUS (WAGON,KOMBI,CAMPMOBILE)
 001 5909597005   12 17 24 19   617 120M4-2 4  FIMY 16.7000 24.5000 19.4926               7                        BUS (WAGON,KOMBI,CAMPMOBILE)
 001 6000343005    4 18 24 21   584 130A3-1 4  FIAY 18.3714 24.2715 20.6278               7                        VOLVO SEDAN                     (3WAY CAT)
 001 6000343005    4 19 27 22   552 130M4-1 4  FIMY 19.1000 27.4000 22.1145               7                        VOLVO SEDAN                     (3WAY CAT)
 001 6000343005    4 19 30 22   552 130M4-3 4  FIMY 18.5182 30.4146 22.4739               7                        VOLVO SEDAN                     (3WAY CAT)
 001 6000343010    8 18 24 21   584 130A3-1 4  FIAY 18.3000 24.2000 20.5551               7                        VOLVO STATION WAGON             (3WAY CAT)
 001 6000343010    8 18 27 21   584 130M4-1 4  FIMY 18.4000 26.7000 21.3926               7                        VOLVO STATION WAGON             (3WAY CAT)
 001 6000343010    8 19 29 22   552 130M4-3 4  FIMY 18.6000 29.2000 22.2317               7                        VOLVO STATION WAGON             (3WAY CAT)
 001 6000543005    4 17 22 19   617 163A3-1 6  FIAY 16.8465 22.4548 18.9797               7                        VOLVO SEDAN                     (3WAY CAT)
 001 6000543005    4 15 26 19   700 163M4-3 6  FIMY 15.3664 25.8325 18.7926               7                        VOLVO SEDAN                     (3WAY CAT)
 001 6000543010    8 17 22 19   617 163A3-1 6  FIAY 16.8465 22.4548 18.9797               7                        VOLVO STATION WAGON             (3WAY CAT)
 001 6000543010    8 15 26 19   700 163M4-3 6  FIMY 15.3664 25.8325 18.7926               7                        VOLVO STATION WAGON             (3WAY CAT)
 001 64011 5015    4 18 22 20   584 131A3-1 5  FIAY 18.1488 22.4996 19.8786               7                        5000                            (3WAY CAT)
 001 64011 5015    4 17 25 20   617 131M5-2 5  FIMY 16.7000 25.4000 19.7431               7                        5000                            (3WAY CAT)
 001 64015 5015    4 16 22 18   656 131A3-1 5  FIAY 15.6000 22.3000 18.0389               7                        5000                            (CAT)
 001 64015 5015    4 16 26 19   656 131M5-2 5  FIMY 16.1000 25.6000 19.3275               7                        5000                            (CAT)
 001 64020 5015    4 26 34 29   346 121M5-2 5  FIMN 26.1000 33.6000 29.0144               9                        5000                            (DIESEL)
 100 6600238005    2 23 29 25   457  97A3-1 4   2AN 23.1216 29.0321 25.4534               7                        SUBARU
 100 6600238005    2 23 36 28   457  97M4-2 4   2MN 23.3000 35.8000 27.6434               7                        SUBARU
 100 6600238005    2 23 39 28   457  97M5-2 4   2MN 23.3000 38.8000 28.4066               7                        SUBARU
 100 6600238010    7 22 29 25   478  97A3-1 4   2AN 22.4000 29.3000 25.0552               7                        SUBARU WAGON
 100 6600238010    7 21 32 25   500  97M4-2 4   2MN 21.4610 31.5372 25.0647               7                        SUBARU WAGON
 100 6600238010    7 23 38 28   457  97M5-2 4   2MN 22.7000 38.1000 27.7469               7                        SUBARU WAGON
 100 6600238012    7 21 32 25   500  97M4-2 4   2MN 21.4610 31.5372 25.0647               7                        SUBARU 4WD WAGON
 100 6600238015   13 21 32 25   500  97M4-2 4   2MN 21.4610 31.5372 25.0647               7                        BRAT
